  -9.00000  0.0000E+00  0.0000E+00  0.0000E+00  0.0000E+00
  -8.93000  0.0000E+00  0.0000E+00  0.0000E+00  0.0000E+00
  -8.86000  0.0000E+00  0.0000E+00  0.0000E+00  0.0000E+00
  -8.79000  0.3469E-27  0.3393E-27  0.0000E+00  0.0000E+00
  -8.72000  0.1091E-22  0.1068E-22  0.2186E-24  0.0000E+00
  -8.65000  0.1288E-18  0.1260E-18  0.2581E-20  0.0000E+00
  -8.58000  0.5710E-15  0.5586E-15  0.1144E-16  0.0000E+00
  -8.51000  0.9496E-12  0.9290E-12  0.1902E-13  0.0000E+00
  -8.44000  0.5928E-09  0.5799E-09  0.1187E-10  0.0000E+00
  -8.37000  0.1389E-06  0.1359E-06  0.2782E-08  0.1567E-28
  -8.30000  0.1221E-04  0.1194E-04  0.2446E-06  0.3989E-24
  -8.23000  0.4029E-03  0.3942E-03  0.8072E-05  0.3813E-20
  -8.16000  0.4990E-02  0.4882E-02  0.9997E-04  0.1368E-16
  -8.09000  0.2319E-01  0.2269E-01  0.4647E-03  0.1841E-13
  -8.02000  0.4046E-01  0.3958E-01  0.8106E-03  0.9303E-11
  -7.95000  0.2649E-01  0.2592E-01  0.5308E-03  0.1764E-08
  -7.88000  0.6548E-02  0.6404E-02  0.1326E-03  0.1255E-06
  -7.81000  0.1606E-02  0.1531E-02  0.7071E-04  0.3354E-05
  -7.74000  0.1011E-01  0.9484E-02  0.5887E-03  0.3362E-04
  -7.67000  0.3795E-01  0.3561E-01  0.2214E-02  0.1265E-03
  -7.60000  0.5358E-01  0.5028E-01  0.3126E-02  0.1786E-03
  -7.53000  0.2841E-01  0.2666E-01  0.1657E-02  0.9474E-04
  -7.46000  0.6082E-02  0.5689E-02  0.3698E-03  0.2243E-04
  -7.39000  0.8441E-02  0.7601E-02  0.7718E-03  0.6812E-04
  -7.32000  0.5576E-01  0.5010E-01  0.5196E-02  0.4639E-03
  -7.25000  0.1455E+00  0.1307E+00  0.1356E-01  0.1210E-02
  -7.18000  0.1425E+00  0.1280E+00  0.1327E-01  0.1185E-02
  -7.11000  0.5236E-01  0.4705E-01  0.4879E-02  0.4356E-03
  -7.04000  0.7223E-02  0.6490E-02  0.6730E-03  0.6009E-04
  -6.97000  0.3739E-03  0.3360E-03  0.3484E-04  0.3111E-05
  -6.90000  0.7267E-05  0.6529E-05  0.6772E-06  0.6049E-07
  -6.83000  0.4005E-06  0.3308E-06  0.5864E-07  0.1106E-07
  -6.76000  0.3491E-04  0.2845E-04  0.5399E-05  0.1064E-05
  -6.69000  0.1318E-02  0.1074E-02  0.2040E-03  0.4006E-04
  -6.62000  0.1871E-01  0.1525E-01  0.2898E-02  0.5669E-03
  -6.55000  0.9984E-01  0.8135E-01  0.1548E-01  0.3015E-02
  -6.48000  0.2003E+00  0.1632E+00  0.3109E-01  0.6027E-02
  -6.41000  0.1512E+00  0.1232E+00  0.2349E-01  0.4530E-02
  -6.34000  0.4366E-01  0.3554E-01  0.6812E-02  0.1315E-02
  -6.27000  0.1655E-01  0.1295E-01  0.2919E-02  0.6875E-03
  -6.20000  0.7094E-01  0.5462E-01  0.1306E-01  0.3264E-02
  -6.13000  0.1569E+00  0.1208E+00  0.2891E-01  0.7228E-02
  -6.06000  0.1307E+00  0.1006E+00  0.2408E-01  0.6024E-02
  -5.99000  0.4346E-01  0.3333E-01  0.8035E-02  0.2095E-02
  -5.92000  0.3281E-01  0.2396E-01  0.6349E-02  0.2499E-02
  -5.85000  0.1115E+00  0.8068E-01  0.2175E-01  0.9057E-02
  -5.78000  0.1659E+00  0.1200E+00  0.3236E-01  0.1348E-01
  -5.71000  0.9277E-01  0.6713E-01  0.1810E-01  0.7542E-02
  -5.64000  0.1948E-01  0.1409E-01  0.3800E-02  0.1583E-02
  -5.57000  0.1535E-02  0.1110E-02  0.2994E-03  0.1248E-03
  -5.50000  0.4551E-04  0.3292E-04  0.8888E-05  0.3705E-05
  -5.43000  0.1806E-04  0.1155E-04  0.4492E-05  0.2017E-05
  -5.36000  0.8648E-03  0.5514E-03  0.2161E-03  0.9724E-04
  -5.29000  0.1606E-01  0.1025E-01  0.4007E-02  0.1804E-02
  -5.22000  0.1124E+00  0.7180E-01  0.2802E-01  0.1263E-01
  -5.15000  0.2970E+00  0.1898E+00  0.7389E-01  0.3335E-01
  -5.08000  0.2991E+00  0.1911E+00  0.7421E-01  0.3381E-01
  -5.01000  0.1445E+00  0.9064E-01  0.3500E-01  0.1885E-01
  -4.94000  0.1388E+00  0.8216E-01  0.3134E-01  0.2534E-01
  -4.87000  0.1710E+00  0.1002E+00  0.3814E-01  0.3268E-01
  -4.80000  0.9078E-01  0.5304E-01  0.2030E-01  0.1744E-01
  -4.73000  0.5219E-01  0.2902E-01  0.1249E-01  0.1069E-01
  -4.66000  0.1798E+00  0.9743E-01  0.4444E-01  0.3797E-01
  -4.59000  0.3417E+00  0.1850E+00  0.8449E-01  0.7219E-01
  -4.52000  0.2455E+00  0.1329E+00  0.6069E-01  0.5190E-01
  -4.45000  0.7031E-01  0.3761E-01  0.1707E-01  0.1563E-01
  -4.38000  0.4579E-01  0.2050E-01  0.8371E-02  0.1691E-01
  -4.31000  0.1372E+00  0.5927E-01  0.2360E-01  0.5436E-01
  -4.24000  0.1806E+00  0.7797E-01  0.3110E-01  0.7153E-01
  -4.17000  0.9490E-01  0.4101E-01  0.1713E-01  0.3676E-01
  -4.10000  0.4290E-01  0.1869E-01  0.1098E-01  0.1323E-01
  -4.03000  0.4603E-01  0.2010E-01  0.1400E-01  0.1192E-01
  -3.96000  0.4758E-01  0.2008E-01  0.1420E-01  0.1327E-01
  -3.89000  0.1129E+00  0.4515E-01  0.3187E-01  0.3573E-01
  -3.82000  0.2640E+00  0.1011E+00  0.6799E-01  0.9461E-01
  -3.75000  0.4944E+00  0.1765E+00  0.1069E+00  0.2106E+00
  -3.68000  0.7579E+00  0.2612E+00  0.1482E+00  0.3483E+00
  -3.61000  0.7366E+00  0.2422E+00  0.1297E+00  0.3644E+00
  -3.54000  0.5188E+00  0.1454E+00  0.6353E-01  0.3095E+00
  -3.47000  0.4819E+00  0.1138E+00  0.4198E-01  0.3258E+00
  -3.40000  0.5637E+00  0.1320E+00  0.5464E-01  0.3769E+00
  -3.33000  0.4201E+00  0.1035E+00  0.5171E-01  0.2648E+00
  -3.26000  0.2916E+00  0.7742E-01  0.4997E-01  0.1641E+00
  -3.19000  0.2963E+00  0.6599E-01  0.3898E-01  0.1912E+00
  -3.12000  0.4146E+00  0.6983E-01  0.3582E-01  0.3087E+00
  -3.05000  0.6895E+00  0.1098E+00  0.7050E-01  0.5092E+00
  -2.98000  0.8608E+00  0.1315E+00  0.8734E-01  0.6421E+00
  -2.91000  0.6398E+00  0.8569E-01  0.5780E-01  0.4964E+00
  -2.84000  0.5098E+00  0.6180E-01  0.5903E-01  0.3886E+00
  -2.77000  0.6239E+00  0.7166E-01  0.8403E-01  0.4677E+00
  -2.70000  0.6706E+00  0.5462E-01  0.7629E-01  0.5394E+00
  -2.63000  0.8862E+00  0.7103E-01  0.9555E-01  0.7196E+00
  -2.56000  0.1498E+01  0.1349E+00  0.1586E+00  0.1205E+01
  -2.49000  0.1658E+01  0.1349E+00  0.1564E+00  0.1367E+01
  -2.42000  0.1011E+01  0.6629E-01  0.8258E-01  0.8614E+00
  -2.35000  0.6414E+00  0.2695E-01  0.4346E-01  0.5708E+00
  -2.28000  0.5905E+00  0.1929E-01  0.4100E-01  0.5300E+00
  -2.21000  0.3950E+00  0.1034E-01  0.3090E-01  0.3535E+00
  -2.14000  0.3269E+00  0.6972E-02  0.2697E-01  0.2928E+00
  -2.07000  0.6361E+00  0.1449E-01  0.5319E-01  0.5684E+00
  -2.00000  0.7717E+00  0.1593E-01  0.6675E-01  0.6891E+00
  -1.93000  0.6587E+00  0.8325E-02  0.6029E-01  0.5901E+00
  -1.86000  0.6340E+00  0.5837E-02  0.5599E-01  0.5721E+00
  -1.79000  0.7148E+00  0.4832E-02  0.6133E-01  0.6485E+00
  -1.72000  0.1112E+01  0.1865E-02  0.9789E-01  0.1012E+01
  -1.65000  0.1616E+01  0.1281E-02  0.1372E+00  0.1477E+01
  -1.58000  0.2194E+01  0.4871E-02  0.1940E+00  0.1995E+01
  -1.51000  0.3005E+01  0.9825E-02  0.2628E+00  0.2733E+01
  -1.44000  0.2914E+01  0.8949E-02  0.2174E+00  0.2688E+01
  -1.37000  0.1834E+01  0.5153E-02  0.1171E+00  0.1712E+01
  -1.30000  0.1538E+01  0.5424E-02  0.1165E+00  0.1416E+01
  -1.23000  0.1785E+01  0.7675E-02  0.1532E+00  0.1624E+01
  -1.16000  0.1886E+01  0.7570E-02  0.1707E+00  0.1708E+01
  -1.09000  0.2121E+01  0.5086E-02  0.1988E+00  0.1917E+01
  -1.02000  0.2143E+01  0.6077E-02  0.1947E+00  0.1942E+01
  -0.95000  0.1854E+01  0.1124E-01  0.1461E+00  0.1696E+01
  -0.88000  0.1961E+01  0.1706E-01  0.1349E+00  0.1809E+01
  -0.81000  0.2292E+01  0.2099E-01  0.2215E+00  0.2049E+01
  -0.74000  0.2263E+01  0.2052E-01  0.2980E+00  0.1944E+01
  -0.67000  0.1939E+01  0.1553E-01  0.2369E+00  0.1686E+01
  -0.60000  0.2059E+01  0.1299E-01  0.1746E+00  0.1872E+01
  -0.53000  0.2060E+01  0.1050E-01  0.1815E+00  0.1868E+01
  -0.46000  0.1684E+01  0.9704E-02  0.1778E+00  0.1497E+01
  -0.39000  0.1302E+01  0.7783E-02  0.1172E+00  0.1177E+01
  -0.32000  0.9408E+00  0.2845E-02  0.4576E-01  0.8923E+00
  -0.25000  0.6003E+00  0.4014E-03  0.1201E-01  0.5880E+00
  -0.18000  0.3033E+00  0.2507E-04  0.2887E-02  0.3005E+00
  -0.11000  0.1050E+00  0.9802E-04  0.3213E-02  0.1017E+00
  -0.04000  0.1240E+00  0.1029E-02  0.2558E-01  0.9743E-01
   0.03000  0.4793E+00  0.4644E-02  0.9371E-01  0.3811E+00
   0.10000  0.1008E+01  0.9720E-02  0.1479E+00  0.8504E+00
   0.17000  0.1234E+01  0.1054E-01  0.1325E+00  0.1091E+01
   0.24000  0.1028E+01  0.6920E-02  0.8406E-01  0.9369E+00
   0.31000  0.5686E+00  0.2785E-02  0.3030E-01  0.5356E+00
   0.38000  0.2827E+00  0.5641E-03  0.6143E-02  0.2760E+00
   0.45000  0.4014E+00  0.1750E-03  0.5255E-02  0.3959E+00
   0.52000  0.5918E+00  0.6143E-03  0.1066E-01  0.5805E+00
   0.59000  0.5450E+00  0.1164E-02  0.1268E-01  0.5312E+00
   0.66000  0.3397E+00  0.1720E-02  0.7791E-02  0.3302E+00
   0.73000  0.3643E+00  0.4746E-02  0.6639E-02  0.3530E+00
   0.80000  0.8339E+00  0.8413E-02  0.1493E-01  0.8107E+00
   0.87000  0.1445E+01  0.7990E-02  0.2364E-01  0.1414E+01
   0.94000  0.1886E+01  0.7848E-02  0.2364E-01  0.1855E+01
   1.01000  0.2172E+01  0.9462E-02  0.2078E-01  0.2141E+01
   1.08000  0.1938E+01  0.7234E-02  0.1977E-01  0.1910E+01
   1.15000  0.1478E+01  0.2726E-02  0.1862E-01  0.1457E+01
   1.22000  0.1484E+01  0.1909E-02  0.1903E-01  0.1463E+01
   1.29000  0.1891E+01  0.4680E-02  0.2014E-01  0.1867E+01
   1.36000  0.2427E+01  0.8140E-02  0.2122E-01  0.2398E+01
   1.43000  0.2878E+01  0.9976E-02  0.2629E-01  0.2842E+01
   1.50000  0.2843E+01  0.1008E-01  0.2716E-01  0.2806E+01
   1.57000  0.2544E+01  0.7915E-02  0.1659E-01  0.2520E+01
   1.64000  0.2506E+01  0.5066E-02  0.1013E-01  0.2491E+01
   1.71000  0.2882E+01  0.2966E-02  0.1333E-01  0.2865E+01
   1.78000  0.3487E+01  0.4154E-02  0.1838E-01  0.3464E+01
   1.85000  0.4280E+01  0.9425E-02  0.2351E-01  0.4247E+01
   1.92000  0.5072E+01  0.1512E-01  0.2639E-01  0.5030E+01
   1.99000  0.4416E+01  0.1745E-01  0.2761E-01  0.4370E+01
   2.06000  0.3048E+01  0.2090E-01  0.2958E-01  0.2998E+01
   2.13000  0.2529E+01  0.2972E-01  0.3544E-01  0.2464E+01
   2.20000  0.2147E+01  0.2765E-01  0.4484E-01  0.2075E+01
   2.27000  0.1573E+01  0.1282E-01  0.4641E-01  0.1514E+01
   2.34000  0.1265E+01  0.2991E-02  0.3033E-01  0.1232E+01
   2.41000  0.1047E+01  0.9599E-03  0.1321E-01  0.1032E+01
   2.48000  0.8090E+00  0.5572E-02  0.8485E-02  0.7946E+00
   2.55000  0.8879E+00  0.2201E-01  0.1937E-01  0.8462E+00
   2.62000  0.1088E+01  0.3820E-01  0.3310E-01  0.1016E+01
   2.69000  0.7929E+00  0.2887E-01  0.2689E-01  0.7372E+00
   2.76000  0.4073E+00  0.1053E-01  0.1776E-01  0.3790E+00
   2.83000  0.2825E+00  0.3532E-02  0.1567E-01  0.2633E+00
   2.90000  0.1519E+00  0.1814E-02  0.9320E-02  0.1408E+00
   2.97000  0.1995E+00  0.5329E-02  0.1735E-01  0.1770E+00
   3.04000  0.6911E+00  0.2041E-01  0.6432E-01  0.6068E+00
   3.11000  0.1063E+01  0.3168E-01  0.1008E+00  0.9306E+00
   3.18000  0.6455E+00  0.1930E-01  0.6233E-01  0.5641E+00
   3.25000  0.2356E+00  0.6980E-02  0.2485E-01  0.2039E+00
   3.32000  0.3153E+00  0.1288E-01  0.3757E-01  0.2649E+00
   3.39000  0.4741E+00  0.3149E-01  0.5911E-01  0.3835E+00
   3.46000  0.4054E+00  0.4222E-01  0.5449E-01  0.3086E+00
   3.53000  0.1993E+00  0.2643E-01  0.2867E-01  0.1440E+00
   3.60000  0.6424E-01  0.7418E-02  0.1226E-01  0.4452E-01
   3.67000  0.1062E+00  0.4460E-02  0.3169E-01  0.7003E-01
   3.74000  0.2234E+00  0.8123E-02  0.6786E-01  0.1474E+00
   3.81000  0.2325E+00  0.6688E-02  0.6845E-01  0.1574E+00
   3.88000  0.2679E+00  0.5201E-02  0.7107E-01  0.1916E+00
   3.95000  0.4232E+00  0.1948E-01  0.1006E+00  0.3031E+00
   4.02000  0.5410E+00  0.4283E-01  0.1174E+00  0.3808E+00
   4.09000  0.3858E+00  0.3572E-01  0.8057E-01  0.2696E+00
   4.16000  0.1178E+00  0.1121E-01  0.2437E-01  0.8221E-01
   4.23000  0.3497E-01  0.1789E-02  0.7310E-02  0.2584E-01
   4.30000  0.1530E+00  0.3448E-02  0.3224E-01  0.1171E+00
   4.37000  0.4082E+00  0.9082E-02  0.8603E-01  0.3126E+00
   4.44000  0.4105E+00  0.9140E-02  0.8651E-01  0.3144E+00
   4.51000  0.1601E+00  0.3751E-02  0.3348E-01  0.1227E+00
   4.58000  0.7196E-01  0.3394E-02  0.1272E-01  0.5582E-01
   4.65000  0.1826E+00  0.1092E-01  0.3001E-01  0.1417E+00
   4.72000  0.2914E+00  0.1981E-01  0.5072E-01  0.2209E+00
   4.79000  0.3239E+00  0.2651E-01  0.6302E-01  0.2342E+00
   4.86000  0.2970E+00  0.2480E-01  0.6003E-01  0.2119E+00
   4.93000  0.1401E+00  0.1092E-01  0.2792E-01  0.1011E+00
   5.00000  0.2904E-01  0.2044E-02  0.5886E-02  0.2108E-01
   5.07000  0.3936E-01  0.1901E-02  0.1091E-01  0.2654E-01
   5.14000  0.2193E+00  0.1138E-01  0.6221E-01  0.1457E+00
   5.21000  0.5197E+00  0.3308E-01  0.1503E+00  0.3364E+00
   5.28000  0.5596E+00  0.4871E-01  0.1693E+00  0.3416E+00
   5.35000  0.3759E+00  0.4112E-01  0.1272E+00  0.2076E+00
   5.42000  0.3091E+00  0.2802E-01  0.1221E+00  0.1590E+00
   5.49000  0.3146E+00  0.1590E-01  0.1339E+00  0.1649E+00
   5.56000  0.2608E+00  0.4519E-02  0.1151E+00  0.1414E+00
   5.63000  0.1223E+00  0.5091E-03  0.5470E-01  0.6729E-01
   5.70000  0.2449E-01  0.2171E-04  0.1098E-01  0.1352E-01
   5.77000  0.1905E-02  0.3479E-06  0.8540E-03  0.1053E-02
   5.84000  0.4689E-03  0.2093E-08  0.1655E-03  0.3034E-03
   5.91000  0.6847E-02  0.4724E-11  0.2329E-02  0.4518E-02
   5.98000  0.4254E-01  0.6489E-13  0.1447E-01  0.2807E-01
   6.05000  0.9923E-01  0.4832E-10  0.3375E-01  0.6547E-01
   6.12000  0.8686E-01  0.1439E-07  0.2954E-01  0.5731E-01
   6.19000  0.2856E-01  0.1609E-05  0.9715E-02  0.1884E-01
   6.26000  0.4518E-02  0.6752E-04  0.1575E-02  0.2876E-02
   6.33000  0.1632E-01  0.1063E-02  0.6165E-02  0.9092E-02
   6.40000  0.1029E+00  0.6284E-02  0.3882E-01  0.5775E-01
   6.47000  0.2782E+00  0.1394E-01  0.1046E+00  0.1597E+00
   6.54000  0.3595E+00  0.1160E-01  0.1342E+00  0.2137E+00
   6.61000  0.2349E+00  0.3627E-02  0.8710E-01  0.1442E+00
   6.68000  0.7273E-01  0.4945E-03  0.2679E-01  0.4545E-01
   6.75000  0.2584E-01  0.1070E-02  0.8337E-02  0.1644E-01
   6.82000  0.9574E-01  0.5987E-02  0.2851E-01  0.6124E-01
   6.89000  0.2039E+00  0.1283E-01  0.6073E-01  0.1303E+00
   6.96000  0.1703E+00  0.1123E-01  0.5236E-01  0.1067E+00
   7.03000  0.1046E+00  0.1073E-01  0.4448E-01  0.4941E-01
   7.10000  0.1687E+00  0.2282E-01  0.8948E-01  0.5643E-01
   7.17000  0.1803E+00  0.2481E-01  0.9699E-01  0.5850E-01
   7.24000  0.7459E-01  0.1027E-01  0.4015E-01  0.2417E-01
   7.31000  0.1205E-01  0.1596E-02  0.6513E-02  0.3946E-02
   7.38000  0.9589E-02  0.9311E-04  0.5627E-02  0.3869E-02
   7.45000  0.6440E-01  0.2039E-05  0.3802E-01  0.2637E-01
   7.52000  0.1745E+00  0.1675E-07  0.1031E+00  0.7148E-01
   7.59000  0.1776E+00  0.5166E-10  0.1049E+00  0.7274E-01
   7.66000  0.6815E-01  0.5980E-13  0.4019E-01  0.2797E-01
   7.73000  0.1602E-01  0.2598E-16  0.8417E-02  0.7600E-02
   7.80000  0.4561E-01  0.4236E-20  0.1948E-01  0.2613E-01
   7.87000  0.1212E+00  0.2592E-24  0.5153E-01  0.6966E-01
   7.94000  0.1222E+00  0.1193E-28  0.5197E-01  0.7026E-01
   8.01000  0.4628E-01  0.2933E-24  0.1968E-01  0.2660E-01
   8.08000  0.6575E-02  0.5423E-20  0.2796E-02  0.3779E-02
   8.15000  0.3506E-03  0.3784E-16  0.1491E-03  0.2015E-03
   8.22000  0.7017E-05  0.9971E-13  0.2984E-05  0.4034E-05
   8.29000  0.5296E-07  0.9931E-10  0.2242E-07  0.3044E-07
   8.36000  0.9416E-07  0.3744E-07  0.3103E-08  0.5356E-07
   8.43000  0.1362E-04  0.5351E-05  0.5247E-06  0.7735E-05
   8.50000  0.7540E-03  0.2908E-03  0.3529E-04  0.4275E-03
   8.57000  0.1605E-01  0.6037E-02  0.9260E-03  0.9079E-02
   8.64000  0.1329E+00  0.4838E-01  0.9536E-02  0.7493E-01
   8.71000  0.4419E+00  0.1547E+00  0.3948E-01  0.2475E+00
   8.78000  0.6507E+00  0.2207E+00  0.7111E-01  0.3586E+00
   8.85000  0.5375E+00  0.1829E+00  0.6745E-01  0.2870E+00
   8.92000  0.3150E+00  0.1072E+00  0.4891E-01  0.1588E+00
   8.99000  0.1431E+00  0.4019E-01  0.4429E-01  0.5854E-01
   9.06000  0.1007E+00  0.2244E-01  0.4458E-01  0.3363E-01
   9.13000  0.2297E+00  0.6691E-01  0.6271E-01  0.1001E+00
   9.20000  0.4185E+00  0.1351E+00  0.8304E-01  0.2004E+00
   9.27000  0.4703E+00  0.1626E+00  0.6725E-01  0.2405E+00
   9.34000  0.6109E+00  0.2157E+00  0.7384E-01  0.3213E+00
   9.41000  0.6647E+00  0.2232E+00  0.9751E-01  0.3440E+00
   9.48000  0.5516E+00  0.1391E+00  0.1474E+00  0.2649E+00
   9.55000  0.6060E+00  0.1164E+00  0.2079E+00  0.2816E+00
   9.62000  0.4398E+00  0.8653E-01  0.1428E+00  0.2103E+00
   9.69000  0.1947E+00  0.3224E-01  0.6685E-01  0.9555E-01
   9.76000  0.2778E+00  0.3018E-01  0.1127E+00  0.1350E+00
   9.83000  0.4467E+00  0.5420E-01  0.1755E+00  0.2170E+00
   9.90000  0.3980E+00  0.4073E-01  0.1548E+00  0.2024E+00
   9.97000  0.2333E+00  0.1152E-01  0.9451E-01  0.1273E+00
  10.04000  0.7828E-01  0.1251E-02  0.3275E-01  0.4428E-01
  10.11000  0.1380E-01  0.7993E-03  0.5991E-02  0.7006E-02
  10.18000  0.2226E-01  0.7926E-02  0.9674E-02  0.4665E-02
  10.25000  0.8095E-01  0.3385E-01  0.2956E-01  0.1759E-01
  10.32000  0.1239E+00  0.5852E-01  0.3563E-01  0.2984E-01
  10.39000  0.1026E+00  0.4638E-01  0.2519E-01  0.3110E-01
  10.46000  0.1912E+00  0.4955E-01  0.6789E-01  0.7379E-01
  10.53000  0.4284E+00  0.8791E-01  0.1836E+00  0.1570E+00
  10.60000  0.4969E+00  0.9606E-01  0.2252E+00  0.1757E+00
  10.67000  0.4748E+00  0.1133E+00  0.1603E+00  0.2009E+00
  10.74000  0.4233E+00  0.1193E+00  0.9852E-01  0.2050E+00
  10.81000  0.2253E+00  0.7395E-01  0.4606E-01  0.1050E+00
  10.88000  0.2009E+00  0.9348E-01  0.3945E-01  0.6794E-01
  10.95000  0.3507E+00  0.1590E+00  0.7389E-01  0.1178E+00
  11.02000  0.4318E+00  0.1494E+00  0.1113E+00  0.1711E+00
  11.09000  0.3626E+00  0.7942E-01  0.1150E+00  0.1681E+00
  11.16000  0.3715E+00  0.7927E-01  0.1177E+00  0.1744E+00
  11.23000  0.6528E+00  0.1738E+00  0.1909E+00  0.2880E+00
  11.30000  0.6792E+00  0.1897E+00  0.1962E+00  0.2934E+00
  11.37000  0.2985E+00  0.8538E-01  0.8589E-01  0.1273E+00
  11.44000  0.6267E-01  0.2433E-01  0.1590E-01  0.2246E-01
  11.51000  0.4286E-01  0.2151E-01  0.1355E-01  0.7804E-02
  11.58000  0.1172E+00  0.2914E-01  0.5846E-01  0.2956E-01
  11.65000  0.1887E+00  0.3495E-01  0.1021E+00  0.5160E-01
  11.72000  0.1228E+00  0.2167E-01  0.6711E-01  0.3399E-01
  11.79000  0.4023E-01  0.8989E-02  0.1962E-01  0.1163E-01
  11.86000  0.9030E-01  0.2950E-01  0.3086E-01  0.2994E-01
  11.93000  0.2921E+00  0.8434E-01  0.1081E+00  0.9965E-01
  12.00000  0.4032E+00  0.9199E-01  0.1757E+00  0.1355E+00
  12.07000  0.3133E+00  0.3806E-01  0.1876E+00  0.8773E-01
  12.14000  0.2293E+00  0.1139E-01  0.1655E+00  0.5239E-01
  12.21000  0.2134E+00  0.3262E-01  0.1060E+00  0.7463E-01
  12.28000  0.3746E+00  0.9588E-01  0.1265E+00  0.1519E+00
  12.35000  0.6043E+00  0.1703E+00  0.2178E+00  0.2160E+00
  12.42000  0.5382E+00  0.1569E+00  0.2024E+00  0.1788E+00
  12.49000  0.2455E+00  0.6868E-01  0.9012E-01  0.8667E-01
  12.56000  0.2343E+00  0.4836E-01  0.7563E-01  0.1103E+00
  12.63000  0.4086E+00  0.7882E-01  0.1289E+00  0.2009E+00
  12.70000  0.4131E+00  0.7689E-01  0.1318E+00  0.2044E+00
  12.77000  0.3557E+00  0.5089E-01  0.1222E+00  0.1824E+00
  12.84000  0.2846E+00  0.2069E-01  0.1092E+00  0.1544E+00
  12.91000  0.1407E+00  0.3757E-02  0.5764E-01  0.7912E-01
  12.98000  0.3200E-01  0.2664E-03  0.1344E-01  0.1824E-01
  13.05000  0.2926E-02  0.7143E-05  0.1239E-02  0.1676E-02
  13.12000  0.1035E-03  0.8002E-07  0.4399E-04  0.5928E-04
  13.19000  0.7528E-04  0.1347E-05  0.3774E-04  0.3619E-04
  13.26000  0.2254E-02  0.8482E-04  0.1151E-02  0.1018E-02
  13.33000  0.2787E-01  0.2013E-02  0.1422E-01  0.1163E-01
  13.40000  0.1457E+00  0.1811E-01  0.7218E-01  0.5546E-01
  13.47000  0.3470E+00  0.6317E-01  0.1614E+00  0.1225E+00
  13.54000  0.4419E+00  0.9331E-01  0.1938E+00  0.1548E+00
  13.61000  0.4305E+00  0.8887E-01  0.1899E+00  0.1517E+00
  13.68000  0.4630E+00  0.1061E+00  0.2066E+00  0.1503E+00
  13.75000  0.4306E+00  0.9299E-01  0.1891E+00  0.1487E+00
  13.82000  0.2711E+00  0.3520E-01  0.1188E+00  0.1174E+00
  13.89000  0.1050E+00  0.5181E-02  0.4648E-01  0.5348E-01
  13.96000  0.2100E-01  0.4993E-03  0.9394E-02  0.1114E-01
  14.03000  0.2334E-01  0.3562E-02  0.1098E-01  0.8801E-02
  14.10000  0.1399E+00  0.2280E-01  0.6593E-01  0.5115E-01
  14.17000  0.3455E+00  0.5681E-01  0.1613E+00  0.1274E+00
  14.24000  0.3835E+00  0.6789E-01  0.1695E+00  0.1462E+00
  14.31000  0.3340E+00  0.7495E-01  0.1309E+00  0.1282E+00
  14.38000  0.3193E+00  0.7544E-01  0.1396E+00  0.1043E+00
  14.45000  0.3129E+00  0.4301E-01  0.1778E+00  0.9204E-01
  14.52000  0.4004E+00  0.3969E-01  0.2065E+00  0.1542E+00
  14.59000  0.5518E+00  0.7470E-01  0.2287E+00  0.2485E+00
  14.66000  0.5510E+00  0.8596E-01  0.2267E+00  0.2383E+00
  14.73000  0.3573E+00  0.6346E-01  0.1544E+00  0.1395E+00
  14.80000  0.2810E+00  0.7334E-01  0.1189E+00  0.8889E-01
  14.87000  0.2963E+00  0.9864E-01  0.1223E+00  0.7559E-01
  14.94000  0.1607E+00  0.5900E-01  0.6592E-01  0.3589E-01
  15.01000  0.6281E-01  0.1341E-01  0.2571E-01  0.2370E-01
  15.08000  0.1204E+00  0.1145E-02  0.4932E-01  0.6989E-01
  15.15000  0.1751E+00  0.3678E-04  0.7175E-01  0.1033E+00
  15.22000  0.9768E-01  0.7970E-05  0.4003E-01  0.5763E-01
  15.29000  0.2229E-01  0.2933E-03  0.9163E-02  0.1283E-01
  15.36000  0.2860E-01  0.4289E-02  0.1213E-01  0.1218E-01
  15.43000  0.1485E+00  0.2354E-01  0.6314E-01  0.6177E-01
  15.50000  0.3120E+00  0.4876E-01  0.1340E+00  0.1292E+00
  15.57000  0.3008E+00  0.4158E-01  0.1402E+00  0.1191E+00
  15.64000  0.3119E+00  0.3319E-01  0.1717E+00  0.1070E+00
  15.71000  0.3998E+00  0.4992E-01  0.2196E+00  0.1302E+00
  15.78000  0.3329E+00  0.4941E-01  0.1745E+00  0.1090E+00
  15.85000  0.1903E+00  0.2846E-01  0.9875E-01  0.6314E-01
  15.92000  0.6438E-01  0.9181E-02  0.3371E-01  0.2149E-01
  15.99000  0.9716E-02  0.1353E-02  0.5113E-02  0.3250E-02
  16.06000  0.2483E-02  0.3433E-03  0.1245E-02  0.8984E-03
  16.13000  0.2737E-01  0.3783E-02  0.1351E-01  0.1012E-01
  16.20000  0.1470E+00  0.2028E-01  0.7251E-01  0.5443E-01
  16.27000  0.3027E+00  0.4112E-01  0.1484E+00  0.1137E+00
  16.34000  0.2915E+00  0.3421E-01  0.1346E+00  0.1231E+00
  16.41000  0.2970E+00  0.2208E-01  0.1142E+00  0.1608E+00
  16.48000  0.3194E+00  0.2362E-01  0.1126E+00  0.1832E+00
  16.55000  0.2077E+00  0.2868E-01  0.6800E-01  0.1110E+00
  16.62000  0.1357E+00  0.3506E-01  0.3889E-01  0.6177E-01
  16.69000  0.7481E-01  0.2227E-01  0.2037E-01  0.3216E-01
  16.76000  0.1868E-01  0.5582E-02  0.5039E-02  0.8056E-02
  16.83000  0.7183E-02  0.8449E-03  0.1947E-02  0.4391E-02
  16.90000  0.4737E-01  0.2802E-02  0.1290E-01  0.3167E-01
  16.97000  0.1544E+00  0.9105E-02  0.4215E-01  0.1032E+00
  17.04000  0.1913E+00  0.1125E-01  0.5269E-01  0.1274E+00
  17.11000  0.1197E+00  0.6458E-02  0.3794E-01  0.7527E-01
  17.18000  0.2050E+00  0.1010E-01  0.8309E-01  0.1116E+00
  17.25000  0.4510E+00  0.2736E-01  0.1811E+00  0.2421E+00
  17.32000  0.4783E+00  0.3554E-01  0.1871E+00  0.2554E+00
  17.39000  0.3086E+00  0.2903E-01  0.1230E+00  0.1565E+00
  17.46000  0.3429E+00  0.4901E-01  0.1560E+00  0.1375E+00
  17.53000  0.4801E+00  0.7464E-01  0.2280E+00  0.1766E+00
  17.60000  0.3483E+00  0.4751E-01  0.1690E+00  0.1314E+00
  17.67000  0.2186E+00  0.2005E-01  0.1005E+00  0.9805E-01
  17.74000  0.2778E+00  0.3265E-01  0.1019E+00  0.1437E+00
  17.81000  0.3597E+00  0.5190E-01  0.1420E+00  0.1665E+00
  17.88000  0.3007E+00  0.4869E-01  0.1434E+00  0.1091E+00
  17.95000  0.2982E+00  0.5093E-01  0.1460E+00  0.1015E+00
  18.02000  0.5425E+00  0.8591E-01  0.2251E+00  0.2316E+00
  18.09000  0.5982E+00  0.8900E-01  0.2057E+00  0.3036E+00
  18.16000  0.3179E+00  0.4740E-01  0.9163E-01  0.1790E+00
  18.23000  0.1178E+00  0.1416E-01  0.4356E-01  0.6009E-01
  18.30000  0.1581E+00  0.3176E-02  0.9936E-01  0.5557E-01
  18.37000  0.2716E+00  0.3327E-02  0.1742E+00  0.9403E-01
  18.44000  0.2660E+00  0.3625E-02  0.1471E+00  0.1153E+00
  18.51000  0.1998E+00  0.2694E-02  0.8020E-01  0.1169E+00
  18.58000  0.1630E+00  0.5110E-02  0.5321E-01  0.1046E+00
  18.65000  0.1539E+00  0.9351E-02  0.4862E-01  0.9592E-01
  18.72000  0.1302E+00  0.1996E-01  0.3497E-01  0.7526E-01
  18.79000  0.1773E+00  0.4031E-01  0.3940E-01  0.9756E-01
  18.86000  0.2901E+00  0.4835E-01  0.8557E-01  0.1562E+00
  18.93000  0.4705E+00  0.6380E-01  0.2027E+00  0.2039E+00
  19.00000  0.5205E+00  0.7196E-01  0.2618E+00  0.1865E+00
  19.07000  0.3596E+00  0.4346E-01  0.1565E+00  0.1594E+00
  19.14000  0.3049E+00  0.3188E-01  0.6976E-01  0.2030E+00
  19.21000  0.2758E+00  0.3119E-01  0.5988E-01  0.1844E+00
  19.28000  0.2049E+00  0.2341E-01  0.9802E-01  0.8320E-01
  19.35000  0.1719E+00  0.1741E-01  0.1231E+00  0.3112E-01
  19.42000  0.8986E-01  0.8147E-02  0.6794E-01  0.1359E-01
  19.49000  0.1995E-01  0.1647E-02  0.1499E-01  0.3261E-02
  19.56000  0.2988E-02  0.3163E-03  0.1832E-02  0.8347E-03
  19.63000  0.1612E-01  0.2386E-02  0.6945E-02  0.6789E-02
  19.70000  0.7802E-01  0.1157E-01  0.3358E-01  0.3287E-01
  19.77000  0.1461E+00  0.2161E-01  0.6428E-01  0.6024E-01
  19.84000  0.1398E+00  0.2013E-01  0.7366E-01  0.4602E-01
  19.91000  0.1961E+00  0.2614E-01  0.1304E+00  0.3981E-01
  19.98000  0.3574E+00  0.4107E-01  0.2176E+00  0.9902E-01
  20.05000  0.5224E+00  0.3986E-01  0.2932E+00  0.1894E+00
  20.12000  0.5415E+00  0.2130E-01  0.3161E+00  0.2041E+00
  20.19000  0.3423E+00  0.1154E-01  0.2060E+00  0.1248E+00
  20.26000  0.2188E+00  0.1707E-01  0.1468E+00  0.5477E-01
  20.33000  0.2579E+00  0.2124E-01  0.1656E+00  0.7088E-01
  20.40000  0.3510E+00  0.3236E-01  0.1646E+00  0.1540E+00
  20.47000  0.3456E+00  0.4568E-01  0.1296E+00  0.1706E+00
  20.54000  0.1838E+00  0.3206E-01  0.6088E-01  0.9111E-01
  20.61000  0.9616E-01  0.1032E-01  0.2873E-01  0.5719E-01
  20.68000  0.1856E+00  0.7564E-02  0.5898E-01  0.1191E+00
  20.75000  0.3284E+00  0.3060E-01  0.1342E+00  0.1637E+00
  20.82000  0.4957E+00  0.6958E-01  0.2754E+00  0.1510E+00
  20.89000  0.5691E+00  0.6328E-01  0.3673E+00  0.1387E+00
  20.96000  0.4181E+00  0.2333E-01  0.2593E+00  0.1355E+00
  21.03000  0.2398E+00  0.6808E-02  0.1208E+00  0.1122E+00
  21.10000  0.1182E+00  0.4469E-02  0.5673E-01  0.5702E-01
  21.17000  0.7562E-01  0.1836E-02  0.3880E-01  0.3494E-01
  21.24000  0.1891E+00  0.3055E-03  0.9521E-01  0.9341E-01
  21.31000  0.3147E+00  0.3302E-03  0.1579E+00  0.1562E+00
  21.38000  0.2549E+00  0.2868E-02  0.1432E+00  0.1087E+00
  21.45000  0.2591E+00  0.1012E-01  0.1906E+00  0.5833E-01
  21.52000  0.3038E+00  0.1644E-01  0.2358E+00  0.5153E-01
  21.59000  0.2610E+00  0.2352E-01  0.1912E+00  0.4618E-01
  21.66000  0.2587E+00  0.3155E-01  0.1770E+00  0.4989E-01
  21.73000  0.1696E+00  0.2065E-01  0.1144E+00  0.3428E-01
  21.80000  0.4812E-01  0.5460E-02  0.3246E-01  0.1016E-01
  21.87000  0.5593E-02  0.5778E-03  0.3774E-02  0.1238E-02
  21.94000  0.8850E-03  0.2922E-04  0.4716E-03  0.3841E-03
  22.01000  0.9955E-02  0.1193E-03  0.5154E-02  0.4682E-02
  22.08000  0.6482E-01  0.1191E-02  0.3743E-01  0.2620E-01
  22.15000  0.1759E+00  0.4797E-02  0.1128E+00  0.5832E-01
  22.22000  0.2109E+00  0.1132E-01  0.1405E+00  0.5904E-01
  22.29000  0.1734E+00  0.2853E-01  0.8357E-01  0.6125E-01
  22.36000  0.2155E+00  0.4962E-01  0.6521E-01  0.1007E+00
  22.43000  0.2956E+00  0.4466E-01  0.1314E+00  0.1194E+00
  22.50000  0.3955E+00  0.2744E-01  0.2437E+00  0.1240E+00
  22.57000  0.3694E+00  0.1238E-01  0.2488E+00  0.1076E+00
  22.64000  0.2193E+00  0.6449E-02  0.1285E+00  0.8416E-01
  22.71000  0.1444E+00  0.7266E-02  0.5219E-01  0.8489E-01
  22.78000  0.8893E-01  0.4665E-02  0.2672E-01  0.5754E-01
  22.85000  0.8213E-01  0.1158E-02  0.3243E-01  0.4854E-01
  22.92000  0.1504E+00  0.1122E-03  0.6469E-01  0.8562E-01
  22.99000  0.1334E+00  0.9619E-04  0.5754E-01  0.7582E-01
  23.06000  0.5896E-01  0.7955E-03  0.2461E-01  0.3355E-01
  23.13000  0.5528E-01  0.2607E-02  0.2118E-01  0.3149E-01
  23.20000  0.7194E-01  0.3982E-02  0.2853E-01  0.3941E-01
  23.27000  0.9466E-01  0.9485E-02  0.4251E-01  0.4253E-01
  23.34000  0.1561E+00  0.3268E-01  0.6896E-01  0.5419E-01
  23.41000  0.1490E+00  0.5335E-01  0.5820E-01  0.3729E-01
  23.48000  0.6857E-01  0.3429E-01  0.2232E-01  0.1191E-01
  23.55000  0.2057E-01  0.8619E-02  0.4847E-02  0.7100E-02
  23.62000  0.2661E-01  0.3280E-02  0.1203E-01  0.1133E-01
  23.69000  0.9925E-01  0.1225E-01  0.5863E-01  0.2853E-01
  23.76000  0.2232E+00  0.2434E-01  0.1318E+00  0.6736E-01
  23.83000  0.3003E+00  0.2322E-01  0.1691E+00  0.1081E+00
  23.90000  0.2482E+00  0.1317E-01  0.1319E+00  0.1031E+00
  23.97000  0.1463E+00  0.4987E-02  0.6175E-01  0.7944E-01
  24.04000  0.1839E+00  0.7486E-02  0.6398E-01  0.1121E+00
  24.11000  0.3025E+00  0.2163E-01  0.1318E+00  0.1487E+00
  24.18000  0.2789E+00  0.2537E-01  0.1384E+00  0.1148E+00
  24.25000  0.1103E+00  0.1119E-01  0.5816E-01  0.4086E-01
  24.32000  0.1726E-01  0.1852E-02  0.9381E-02  0.6004E-02
  24.39000  0.4127E-02  0.1150E-03  0.1276E-02  0.2734E-02
  24.46000  0.2651E-01  0.2681E-05  0.6024E-02  0.2048E-01
  24.53000  0.8464E-01  0.2468E-07  0.1917E-01  0.6547E-01
  24.60000  0.1017E+00  0.3050E-06  0.2297E-01  0.7871E-01
  24.67000  0.4968E-01  0.2850E-04  0.1091E-01  0.3874E-01
  24.74000  0.4696E-01  0.9999E-03  0.8187E-02  0.3777E-01
  24.81000  0.1700E+00  0.1317E-01  0.3444E-01  0.1224E+00
  24.88000  0.3919E+00  0.6517E-01  0.1059E+00  0.2208E+00
  24.95000  0.5208E+00  0.1211E+00  0.1694E+00  0.2303E+00
  25.02000  0.3435E+00  0.8481E-01  0.1176E+00  0.1411E+00
  25.09000  0.1936E+00  0.2653E-01  0.4793E-01  0.1191E+00
  25.16000  0.4562E+00  0.2365E-01  0.7873E-01  0.3537E+00
  25.23000  0.8764E+00  0.4661E-01  0.1534E+00  0.6763E+00
  25.30000  0.9015E+00  0.4986E-01  0.1658E+00  0.6856E+00
  25.37000  0.5812E+00  0.2688E-01  0.1551E+00  0.3992E+00
  25.44000  0.3878E+00  0.7035E-02  0.1545E+00  0.2266E+00
  25.51000  0.2723E+00  0.1035E-02  0.8943E-01  0.1824E+00
  25.58000  0.1221E+00  0.1109E-03  0.2319E-01  0.9897E-01
  25.65000  0.5004E-01  0.7065E-05  0.2866E-02  0.4696E-01
  25.72000  0.2599E-01  0.1947E-06  0.3369E-03  0.2545E-01
  25.79000  0.7391E-02  0.2076E-08  0.6500E-04  0.7264E-02
  25.86000  0.8255E-03  0.4068E-10  0.7051E-05  0.8115E-03
  25.93000  0.4376E-04  0.1305E-07  0.5048E-05  0.3840E-04
  26.00000  0.4426E-03  0.1977E-05  0.2336E-03  0.2070E-03
  26.07000  0.8291E-02  0.1124E-03  0.4394E-02  0.3784E-02
  26.14000  0.6140E-01  0.2399E-02  0.3281E-01  0.2619E-01
  26.21000  0.1945E+00  0.1922E-01  0.1059E+00  0.6935E-01
  26.28000  0.2984E+00  0.5776E-01  0.1675E+00  0.7315E-01
  26.35000  0.2466E+00  0.6517E-01  0.1432E+00  0.3822E-01
  26.42000  0.1628E+00  0.2760E-01  0.9993E-01  0.3530E-01
  26.49000  0.1745E+00  0.4385E-02  0.1063E+00  0.6378E-01
  26.56000  0.1515E+00  0.2616E-03  0.7877E-01  0.7248E-01
  26.63000  0.7748E-01  0.5855E-05  0.2958E-01  0.4790E-01
  26.70000  0.2214E-01  0.4919E-07  0.6338E-02  0.1580E-01
  26.77000  0.3246E-02  0.1551E-09  0.7650E-03  0.2481E-02
  26.84000  0.4237E-02  0.2042E-12  0.4984E-03  0.3738E-02
  26.91000  0.1843E-01  0.1641E-10  0.2093E-02  0.1634E-01
  26.98000  0.3210E-01  0.5038E-08  0.3913E-02  0.2819E-01
  27.05000  0.3176E-01  0.5976E-06  0.7064E-02  0.2470E-01
  27.12000  0.6126E-01  0.2738E-04  0.2323E-01  0.3801E-01
  27.19000  0.1228E+00  0.4837E-03  0.4715E-01  0.7519E-01
  27.26000  0.2353E+00  0.3287E-02  0.7360E-01  0.1586E+00
  27.33000  0.4349E+00  0.8574E-02  0.1058E+00  0.3209E+00
  27.40000  0.3956E+00  0.8581E-02  0.7868E-01  0.3088E+00
  27.47000  0.1493E+00  0.3644E-02  0.2695E-01  0.1190E+00
  27.54000  0.5289E-01  0.2631E-02  0.2194E-01  0.2835E-01
  27.61000  0.6994E-01  0.4589E-02  0.4051E-01  0.2484E-01
  27.68000  0.5772E-01  0.4280E-02  0.3305E-01  0.2040E-01
  27.75000  0.6053E-01  0.9584E-02  0.2555E-01  0.2539E-01
  27.82000  0.2302E+00  0.4090E-01  0.8892E-01  0.1004E+00
  27.89000  0.4781E+00  0.7948E-01  0.1935E+00  0.2051E+00
  27.96000  0.4575E+00  0.7947E-01  0.1785E+00  0.1995E+00
  28.03000  0.2995E+00  0.7403E-01  0.8071E-01  0.1445E+00
  28.10000  0.1964E+00  0.6261E-01  0.3648E-01  0.9706E-01
  28.17000  0.1282E+00  0.3450E-01  0.2965E-01  0.6399E-01
  28.24000  0.2293E+00  0.3323E-01  0.5389E-01  0.1422E+00
  28.31000  0.5141E+00  0.7009E-01  0.1359E+00  0.3080E+00
  28.38000  0.7490E+00  0.9021E-01  0.2258E+00  0.4330E+00
  28.45000  0.8434E+00  0.7050E-01  0.2811E+00  0.4918E+00
  28.52000  0.6694E+00  0.3950E-01  0.2463E+00  0.3837E+00
  28.59000  0.2967E+00  0.1390E-01  0.1149E+00  0.1679E+00
  28.66000  0.1164E+00  0.3158E-02  0.4116E-01  0.7214E-01
  28.73000  0.1122E+00  0.4670E-02  0.3947E-01  0.6811E-01
  28.80000  0.1617E+00  0.1922E-01  0.7975E-01  0.6262E-01
  28.87000  0.2677E+00  0.3425E-01  0.1402E+00  0.9296E-01
  28.94000  0.2683E+00  0.2313E-01  0.1232E+00  0.1218E+00
  29.01000  0.1344E+00  0.5866E-02  0.5252E-01  0.7601E-01
  29.08000  0.3144E-01  0.5910E-03  0.1096E-01  0.1989E-01
  29.15000  0.1473E-01  0.6856E-03  0.5167E-02  0.8864E-02
  29.22000  0.7840E-01  0.5895E-02  0.3224E-01  0.4021E-01
  29.29000  0.2424E+00  0.2548E-01  0.1043E+00  0.1126E+00
  29.36000  0.4441E+00  0.5991E-01  0.1665E+00  0.2177E+00
  29.43000  0.5578E+00  0.7525E-01  0.1710E+00  0.3120E+00
  29.50000  0.4326E+00  0.4990E-01  0.1212E+00  0.2620E+00
  29.57000  0.1982E+00  0.2086E-01  0.5432E-01  0.1233E+00
  29.64000  0.1013E+00  0.1420E-01  0.3443E-01  0.5277E-01
  29.71000  0.1858E+00  0.3356E-01  0.7546E-01  0.7677E-01
  29.78000  0.2298E+00  0.4511E-01  0.9646E-01  0.8820E-01
  29.85000  0.1385E+00  0.2426E-01  0.6090E-01  0.5333E-01
  29.92000  0.1168E+00  0.5137E-02  0.5550E-01  0.5619E-01
  29.99000  0.1315E+00  0.8176E-03  0.6318E-01  0.6748E-01
  30.06000  0.9229E-01  0.3805E-02  0.4173E-01  0.4681E-01
  30.13000  0.1150E+00  0.1361E-01  0.4524E-01  0.5631E-01
  30.20000  0.1405E+00  0.1834E-01  0.5384E-01  0.6862E-01
  30.27000  0.8070E-01  0.9272E-02  0.3013E-01  0.4148E-01
  30.34000  0.5895E-01  0.1760E-02  0.2133E-01  0.3606E-01
  30.41000  0.8747E-01  0.1254E-03  0.4215E-01  0.4547E-01
  30.48000  0.8563E-01  0.7615E-05  0.5931E-01  0.2647E-01
  30.55000  0.5980E-01  0.1181E-03  0.4903E-01  0.1068E-01
  30.62000  0.1049E+00  0.1227E-02  0.7150E-01  0.3220E-01
  30.69000  0.2529E+00  0.4783E-02  0.1565E+00  0.9163E-01
  30.76000  0.2863E+00  0.7004E-02  0.1667E+00  0.1126E+00
  30.83000  0.1492E+00  0.4032E-02  0.7401E-01  0.7115E-01
  30.90000  0.8124E-01  0.3240E-02  0.1810E-01  0.5986E-01
  30.97000  0.1400E+00  0.1273E-01  0.2893E-01  0.9818E-01
  31.04000  0.2670E+00  0.3099E-01  0.8394E-01  0.1518E+00
  31.11000  0.3998E+00  0.4893E-01  0.1758E+00  0.1750E+00
  31.18000  0.4285E+00  0.5208E-01  0.2303E+00  0.1464E+00
  31.25000  0.2651E+00  0.2999E-01  0.1514E+00  0.8413E-01
  31.32000  0.1454E+00  0.1082E-01  0.6045E-01  0.7430E-01
  31.39000  0.1237E+00  0.6364E-02  0.3369E-01  0.8362E-01
  31.46000  0.1185E+00  0.1404E-01  0.2851E-01  0.7594E-01
  31.53000  0.2634E+00  0.4977E-01  0.6052E-01  0.1531E+00
  31.60000  0.4004E+00  0.7933E-01  0.9244E-01  0.2286E+00
  31.67000  0.3194E+00  0.5713E-01  0.8149E-01  0.1806E+00
  31.74000  0.3001E+00  0.4264E-01  0.1030E+00  0.1541E+00
  31.81000  0.2786E+00  0.3980E-01  0.1127E+00  0.1259E+00
  31.88000  0.1238E+00  0.1846E-01  0.5340E-01  0.5193E-01
  31.95000  0.4102E-01  0.4098E-02  0.1497E-01  0.2195E-01
  32.02000  0.1419E+00  0.9938E-02  0.4235E-01  0.8965E-01
  32.09000  0.4552E+00  0.5093E-01  0.1472E+00  0.2573E+00
  32.16000  0.6752E+00  0.1050E+00  0.2306E+00  0.3401E+00
  32.23000  0.4398E+00  0.8321E-01  0.1523E+00  0.2047E+00
  32.30000  0.1194E+00  0.2513E-01  0.4057E-01  0.5387E-01
  32.37000  0.2781E-01  0.2878E-02  0.7858E-02  0.1709E-01
  32.44000  0.7325E-01  0.1281E-03  0.1817E-01  0.5495E-01
  32.51000  0.1378E+00  0.8532E-04  0.3768E-01  0.9999E-01
  32.58000  0.1385E+00  0.7875E-03  0.5417E-01  0.8356E-01
  32.65000  0.1366E+00  0.2829E-02  0.7163E-01  0.6217E-01
  32.72000  0.1161E+00  0.4430E-02  0.5704E-01  0.5466E-01
  32.79000  0.1233E+00  0.6700E-02  0.4461E-01  0.7194E-01
  32.86000  0.2472E+00  0.1262E-01  0.8330E-01  0.1512E+00
  32.93000  0.3038E+00  0.1170E-01  0.1112E+00  0.1809E+00
  33.00000  0.1975E+00  0.4458E-02  0.7844E-01  0.1146E+00
  33.07000  0.1298E+00  0.3988E-02  0.4065E-01  0.8516E-01
  33.14000  0.2060E+00  0.1493E-01  0.4219E-01  0.1487E+00
  33.21000  0.2364E+00  0.2549E-01  0.4236E-01  0.1683E+00
  33.28000  0.2166E+00  0.2640E-01  0.5476E-01  0.1350E+00
  33.35000  0.3786E+00  0.4051E-01  0.1324E+00  0.2050E+00
  33.42000  0.4501E+00  0.4554E-01  0.1640E+00  0.2398E+00
  33.49000  0.2908E+00  0.3013E-01  0.1024E+00  0.1581E+00
  33.56000  0.3212E+00  0.4320E-01  0.1088E+00  0.1698E+00
  33.63000  0.3945E+00  0.5869E-01  0.1345E+00  0.2025E+00
  33.70000  0.2129E+00  0.3247E-01  0.7205E-01  0.1090E+00
  33.77000  0.4425E-01  0.6821E-02  0.1477E-01  0.2279E-01
  33.84000  0.3509E-02  0.5423E-03  0.1157E-02  0.1820E-02
  33.91000  0.7599E-03  0.1631E-04  0.3425E-03  0.4020E-03
  33.98000  0.9521E-02  0.1856E-06  0.4094E-02  0.5435E-02
  34.05000  0.5241E-01  0.7982E-09  0.2038E-01  0.3207E-01
  34.12000  0.1094E+00  0.1297E-11  0.3812E-01  0.7133E-01
  34.19000  0.8651E-01  0.7970E-15  0.2678E-01  0.5978E-01
  34.26000  0.2592E-01  0.1460E-14  0.7066E-02  0.1886E-01
  34.33000  0.2955E-02  0.1759E-11  0.7134E-03  0.2243E-02
  34.40000  0.7349E-03  0.7955E-09  0.5166E-03  0.2197E-03
  34.47000  0.8888E-02  0.1350E-06  0.7114E-02  0.1790E-02
  34.54000  0.4896E-01  0.8603E-05  0.3896E-01  0.1007E-01
  34.61000  0.1025E+00  0.2057E-03  0.8073E-01  0.2174E-01
  34.68000  0.8853E-01  0.1846E-02  0.6511E-01  0.2167E-01
  34.75000  0.5424E-01  0.6217E-02  0.2667E-01  0.2138E-01
  34.82000  0.4167E-01  0.7858E-02  0.1252E-01  0.2129E-01
  34.89000  0.2015E-01  0.3750E-02  0.5417E-02  0.1098E-01
  34.96000  0.2006E-01  0.1042E-02  0.4945E-02  0.1407E-01
  35.03000  0.7370E-01  0.2921E-02  0.1857E-01  0.5221E-01
  35.10000  0.1364E+00  0.9348E-02  0.3672E-01  0.9029E-01
  35.17000  0.1182E+00  0.1229E-01  0.3490E-01  0.7098E-01
  35.24000  0.9501E-01  0.7316E-02  0.3311E-01  0.5458E-01
  35.31000  0.2294E+00  0.6099E-02  0.8543E-01  0.1379E+00
  35.38000  0.3630E+00  0.7917E-02  0.1332E+00  0.2219E+00
  35.45000  0.2253E+00  0.4706E-02  0.8048E-01  0.1401E+00
  35.52000  0.5360E-01  0.1068E-02  0.1846E-01  0.3407E-01
  35.59000  0.4939E-02  0.9392E-04  0.1621E-02  0.3224E-02
  35.66000  0.9709E-03  0.6158E-04  0.3033E-03  0.6060E-03
  35.73000  0.9077E-02  0.6618E-03  0.2866E-02  0.5549E-02
  35.80000  0.4036E-01  0.2806E-02  0.1335E-01  0.2420E-01
  35.87000  0.8178E-01  0.4467E-02  0.3249E-01  0.4482E-01
  35.94000  0.1106E+00  0.2668E-02  0.5888E-01  0.4900E-01
  36.01000  0.1078E+00  0.5982E-03  0.6536E-01  0.4182E-01
  36.08000  0.6388E-01  0.5034E-04  0.3231E-01  0.3152E-01
  36.15000  0.5667E-01  0.1590E-05  0.1018E-01  0.4648E-01
  36.22000  0.6255E-01  0.1884E-07  0.9625E-02  0.5292E-01
  36.29000  0.3589E-01  0.8381E-10  0.9775E-02  0.2611E-01
  36.36000  0.1095E-01  0.1399E-12  0.4673E-02  0.6280E-02
  36.43000  0.8827E-02  0.8768E-16  0.1630E-02  0.7197E-02
  36.50000  0.4353E-01  0.2130E-19  0.4848E-02  0.3868E-01
  36.57000  0.9849E-01  0.3655E-17  0.1153E-01  0.8696E-01
  36.64000  0.8472E-01  0.7312E-14  0.1043E-01  0.7429E-01
  36.71000  0.2760E-01  0.5491E-11  0.3541E-02  0.2406E-01
  36.78000  0.3401E-02  0.1548E-08  0.4512E-03  0.2950E-02
  36.85000  0.1617E-03  0.1637E-06  0.2212E-04  0.1394E-03
  36.92000  0.1367E-03  0.6499E-05  0.2188E-04  0.1084E-03
  36.99000  0.1996E-02  0.9682E-04  0.3203E-03  0.1579E-02
  37.06000  0.1116E-01  0.5414E-03  0.1791E-02  0.8829E-02
  37.13000  0.2343E-01  0.1136E-02  0.3759E-02  0.1853E-01
  37.20000  0.1845E-01  0.8950E-03  0.2960E-02  0.1460E-01
  37.27000  0.5455E-02  0.2646E-03  0.8752E-03  0.4315E-02
  37.34000  0.6175E-03  0.2938E-04  0.1001E-03  0.4880E-03
  37.41000  0.5534E-03  0.2380E-05  0.1315E-03  0.4195E-03
  37.48000  0.8530E-02  0.1868E-04  0.2063E-02  0.6448E-02
  37.55000  0.5218E-01  0.1129E-03  0.1277E-01  0.3930E-01
  37.62000  0.1262E+00  0.2562E-03  0.3289E-01  0.9310E-01
  37.69000  0.1459E+00  0.2183E-03  0.4717E-01  0.9847E-01
  37.76000  0.1173E+00  0.6979E-04  0.5041E-01  0.6681E-01
  37.83000  0.6299E-01  0.8376E-05  0.3051E-01  0.3248E-01
  37.90000  0.1555E-01  0.3772E-06  0.7729E-02  0.7818E-02
  37.97000  0.1502E-02  0.6377E-08  0.7505E-03  0.7520E-03
  38.04000  0.5490E-04  0.4046E-10  0.2745E-04  0.2746E-04
  38.11000  0.7540E-06  0.9633E-13  0.3770E-06  0.3770E-06
  38.18000  0.3887E-08  0.8608E-16  0.1944E-08  0.1944E-08
  38.25000  0.7522E-11  0.2887E-19  0.3761E-11  0.3761E-11
  38.32000  0.5463E-14  0.3634E-23  0.2731E-14  0.2731E-14
  38.39000  0.2949E-15  0.1717E-27  0.1035E-15  0.1914E-15
  38.46000  0.5329E-12  0.0000E+00  0.1867E-12  0.3463E-12
  38.53000  0.3633E-09  0.0000E+00  0.1272E-09  0.2361E-09
  38.60000  0.9298E-07  0.0000E+00  0.3254E-07  0.6044E-07
  38.67000  0.8939E-05  0.0000E+00  0.3124E-05  0.5815E-05
  38.74000  0.3231E-03  0.0000E+00  0.1126E-03  0.2105E-03
  38.81000  0.4401E-02  0.0000E+00  0.1522E-02  0.2879E-02
  38.88000  0.2271E-01  0.0000E+00  0.7725E-02  0.1499E-01
  38.95000  0.4496E-01  0.0000E+00  0.1471E-01  0.3024E-01
  39.02000  0.3497E-01  0.0000E+00  0.1052E-01  0.2445E-01
  39.09000  0.1116E-01  0.0000E+00  0.2822E-02  0.8337E-02
  39.16000  0.1543E-02  0.0000E+00  0.2842E-03  0.1259E-02
  39.23000  0.9538E-04  0.0000E+00  0.1074E-04  0.8464E-04
  39.30000  0.2584E-05  0.0000E+00  0.1524E-06  0.2432E-05
  39.37000  0.2910E-07  0.0000E+00  0.8110E-09  0.2829E-07
  39.44000  0.1299E-09  0.0000E+00  0.1620E-11  0.1283E-09
  39.51000  0.2234E-12  0.0000E+00  0.1215E-14  0.2221E-12
  39.58000  0.1458E-15  0.0000E+00  0.3420E-18  0.1455E-15
  39.65000  0.3592E-19  0.0000E+00  0.3612E-22  0.3589E-19
  39.72000  0.3328E-23  0.0000E+00  0.1432E-26  0.3327E-23
  39.79000  0.1158E-27  0.0000E+00  0.0000E+00  0.1158E-27
  39.86000  0.0000E+00  0.0000E+00  0.0000E+00  0.0000E+00
  39.93000  0.0000E+00  0.0000E+00  0.0000E+00  0.0000E+00
  40.00000  0.0000E+00  0.0000E+00  0.0000E+00  0.0000E+00
