  -9.00000  0.4144E-28  0.4062E-28  0.0000E+00  0.0000E+00
  -8.93143  0.1286E-23  0.1261E-23  0.2526E-25  0.0000E+00
  -8.86286  0.1559E-19  0.1528E-19  0.3062E-21  0.0000E+00
  -8.79429  0.7378E-16  0.7233E-16  0.1449E-17  0.0000E+00
  -8.72571  0.1363E-12  0.1337E-12  0.2678E-14  0.0000E+00
  -8.65714  0.9839E-10  0.9645E-10  0.1932E-11  0.0000E+00
  -8.58857  0.2772E-07  0.2718E-07  0.5444E-09  0.0000E+00
  -8.52000  0.3050E-05  0.2990E-05  0.5989E-07  0.3701E-25
  -8.45143  0.1310E-03  0.1284E-03  0.2573E-05  0.3892E-21
  -8.38286  0.2197E-02  0.2154E-02  0.4316E-04  0.1598E-17
  -8.31429  0.1439E-01  0.1411E-01  0.2827E-03  0.2562E-14
  -8.24571  0.3680E-01  0.3608E-01  0.7228E-03  0.1604E-11
  -8.17714  0.3675E-01  0.3603E-01  0.7218E-03  0.3920E-09
  -8.10857  0.1434E-01  0.1406E-01  0.2819E-03  0.3742E-07
  -8.04000  0.2466E-02  0.2406E-02  0.5865E-04  0.1395E-05
  -7.97143  0.4270E-02  0.4017E-02  0.2326E-03  0.2029E-04
  -7.90286  0.2353E-01  0.2211E-01  0.1307E-02  0.1153E-03
  -7.83429  0.5220E-01  0.4904E-01  0.2900E-02  0.2559E-03
  -7.76571  0.4522E-01  0.4249E-01  0.2512E-02  0.2217E-03
  -7.69714  0.1539E-01  0.1446E-01  0.8584E-03  0.7621E-04
  -7.62857  0.4508E-02  0.4126E-02  0.3391E-03  0.4231E-04
  -7.56000  0.2596E-01  0.2325E-01  0.2364E-02  0.3373E-03
  -7.49143  0.1049E+00  0.9398E-01  0.9569E-02  0.1367E-02
  -7.42286  0.1663E+00  0.1489E+00  0.1516E-01  0.2166E-02
  -7.35429  0.1029E+00  0.9216E-01  0.9384E-02  0.1341E-02
  -7.28571  0.2486E-01  0.2227E-01  0.2267E-02  0.3239E-03
  -7.21714  0.2345E-02  0.2101E-02  0.2139E-03  0.3056E-04
  -7.14857  0.8640E-04  0.7739E-04  0.7880E-05  0.1126E-05
  -7.08000  0.1337E-05  0.1189E-05  0.1271E-06  0.2092E-07
  -7.01143  0.1105E-04  0.8902E-05  0.1613E-05  0.5541E-06
  -6.94286  0.5081E-03  0.4091E-03  0.7425E-04  0.2537E-04
  -6.87429  0.9153E-02  0.7369E-02  0.1340E-02  0.4549E-03
  -6.80571  0.6459E-01  0.5200E-01  0.9469E-02  0.3193E-02
  -6.73714  0.1786E+00  0.1438E+00  0.2624E-01  0.8777E-02
  -6.66857  0.1937E+00  0.1559E+00  0.2852E-01  0.9454E-02
  -6.60000  0.8296E-01  0.6674E-01  0.1225E-01  0.4032E-02
  -6.53143  0.2290E-01  0.1796E-01  0.3611E-02  0.1346E-02
  -6.46286  0.6047E-01  0.4556E-01  0.1039E-01  0.4508E-02
  -6.39429  0.1515E+00  0.1141E+00  0.2610E-01  0.1136E-01
  -6.32571  0.1510E+00  0.1136E+00  0.2601E-01  0.1136E-01
  -6.25714  0.6776E-01  0.5037E-01  0.1165E-01  0.5740E-02
  -6.18857  0.7003E-01  0.4856E-01  0.1193E-01  0.9540E-02
  -6.12000  0.1556E+00  0.1066E+00  0.2647E-01  0.2254E-01
  -6.05143  0.1536E+00  0.1052E+00  0.2611E-01  0.2228E-01
  -5.98286  0.5934E-01  0.4064E-01  0.1009E-01  0.8610E-02
  -5.91429  0.8956E-02  0.6133E-02  0.1523E-02  0.1299E-02
  -5.84571  0.5279E-03  0.3615E-03  0.8978E-04  0.7660E-04
  -5.77714  0.3312E-04  0.2057E-04  0.6709E-05  0.5835E-05
  -5.70857  0.8971E-03  0.5253E-03  0.1980E-03  0.1738E-03
  -5.64000  0.1535E-01  0.9009E-02  0.3373E-02  0.2968E-02
  -5.57143  0.1062E+00  0.6245E-01  0.2317E-01  0.2061E-01
  -5.50286  0.3069E+00  0.1798E+00  0.6582E-01  0.6132E-01
  -5.43429  0.4121E+00  0.2359E+00  0.8411E-01  0.9210E-01
  -5.36571  0.3265E+00  0.1765E+00  0.6009E-01  0.8992E-01
  -5.29714  0.1743E+00  0.8898E-01  0.2918E-01  0.5614E-01
  -5.22857  0.9575E-01  0.4465E-01  0.1575E-01  0.3541E-01
  -5.16000  0.2569E+00  0.1091E+00  0.4133E-01  0.1067E+00
  -5.09143  0.5302E+00  0.2163E+00  0.8013E-01  0.2341E+00
  -5.02286  0.4789E+00  0.1832E+00  0.6491E-01  0.2309E+00
  -4.95429  0.2781E+00  0.7963E-01  0.2341E-01  0.1751E+00
  -4.88571  0.3697E+00  0.6257E-01  0.9707E-02  0.2976E+00
  -4.81714  0.5225E+00  0.8161E-01  0.1200E-01  0.4291E+00
  -4.74857  0.4413E+00  0.6300E-01  0.1253E-01  0.3658E+00
  -4.68000  0.4625E+00  0.6318E-01  0.2475E-01  0.3746E+00
  -4.61143  0.9202E+00  0.1481E+00  0.6594E-01  0.7061E+00
  -4.54286  0.1426E+01  0.2429E+00  0.1132E+00  0.1069E+01
  -4.47429  0.1539E+01  0.2539E+00  0.1262E+00  0.1158E+01
  -4.40571  0.1456E+01  0.1883E+00  0.9688E-01  0.1171E+01
  -4.33714  0.1221E+01  0.1112E+00  0.6236E-01  0.1047E+01
  -4.26857  0.8944E+00  0.8732E-01  0.5853E-01  0.7489E+00
  -4.20000  0.1015E+01  0.1019E+00  0.8383E-01  0.8296E+00
  -4.13143  0.1526E+01  0.1126E+00  0.1136E+00  0.1299E+01
  -4.06286  0.1834E+01  0.1129E+00  0.1230E+00  0.1597E+01
  -3.99429  0.1837E+01  0.9703E-01  0.1031E+00  0.1635E+01
  -3.92571  0.1552E+01  0.7437E-01  0.7208E-01  0.1405E+01
  -3.85714  0.1008E+01  0.5211E-01  0.4778E-01  0.9079E+00
  -3.78857  0.5378E+00  0.2882E-01  0.3202E-01  0.4768E+00
  -3.72000  0.5720E+00  0.1370E-01  0.3762E-01  0.5206E+00
  -3.65143  0.9990E+00  0.1362E-01  0.6337E-01  0.9220E+00
  -3.58286  0.1165E+01  0.1341E-01  0.6091E-01  0.1091E+01
  -3.51429  0.1373E+01  0.6727E-02  0.4336E-01  0.1324E+01
  -3.44571  0.1905E+01  0.2636E-02  0.5334E-01  0.1849E+01
  -3.37714  0.2683E+01  0.4369E-02  0.1041E+00  0.2575E+01
  -3.30857  0.3376E+01  0.8134E-02  0.1522E+00  0.3216E+01
  -3.24000  0.2992E+01  0.6846E-02  0.1244E+00  0.2861E+01
  -3.17143  0.2108E+01  0.2774E-02  0.7351E-01  0.2032E+01
  -3.10286  0.1542E+01  0.1559E-02  0.5169E-01  0.1490E+01
  -3.03429  0.1530E+01  0.3877E-02  0.5406E-01  0.1472E+01
  -2.96571  0.1684E+01  0.9323E-02  0.7147E-01  0.1603E+01
  -2.89714  0.1767E+01  0.2172E-01  0.9568E-01  0.1649E+01
  -2.82857  0.2206E+01  0.4333E-01  0.1570E+00  0.2006E+01
  -2.76000  0.2929E+01  0.5706E-01  0.2393E+00  0.2632E+01
  -2.69143  0.3355E+01  0.4916E-01  0.2539E+00  0.3052E+01
  -2.62286  0.3178E+01  0.3605E-01  0.1908E+00  0.2952E+01
  -2.55429  0.2706E+01  0.2692E-01  0.1269E+00  0.2553E+01
  -2.48571  0.2044E+01  0.1630E-01  0.8224E-01  0.1946E+01
  -2.41714  0.1399E+01  0.6910E-02  0.5542E-01  0.1337E+01
  -2.34857  0.1057E+01  0.6942E-02  0.5518E-01  0.9947E+00
  -2.28000  0.8288E+00  0.1368E-01  0.7762E-01  0.7379E+00
  -2.21143  0.5102E+00  0.1309E-01  0.6896E-01  0.4286E+00
  -2.14286  0.3189E+00  0.7433E-02  0.4707E-01  0.2645E+00
  -2.07429  0.8034E+00  0.1360E-01  0.1064E+00  0.6833E+00
  -2.00571  0.1707E+01  0.2615E-01  0.1898E+00  0.1491E+01
  -1.93714  0.1938E+01  0.2369E-01  0.1463E+00  0.1768E+01
  -1.86857  0.1488E+01  0.1286E-01  0.5639E-01  0.1419E+01
  -1.80000  0.9334E+00  0.5552E-02  0.1816E-01  0.9097E+00
  -1.73143  0.5419E+00  0.1655E-02  0.8291E-02  0.5318E+00
  -1.66286  0.3919E+00  0.1540E-02  0.9434E-02  0.3807E+00
  -1.59429  0.5690E+00  0.7091E-02  0.2964E-01  0.5322E+00
  -1.52571  0.1108E+01  0.1750E-01  0.6700E-01  0.1023E+01
  -1.45714  0.2009E+01  0.2282E-01  0.7771E-01  0.1908E+01
  -1.38857  0.3038E+01  0.2248E-01  0.6443E-01  0.2951E+01
  -1.32000  0.3214E+01  0.1836E-01  0.5401E-01  0.3141E+01
  -1.25143  0.2785E+01  0.1141E-01  0.3547E-01  0.2738E+01
  -1.18286  0.2993E+01  0.8233E-02  0.2401E-01  0.2961E+01
  -1.11429  0.3500E+01  0.8293E-02  0.2619E-01  0.3465E+01
  -1.04571  0.3692E+01  0.7922E-02  0.2729E-01  0.3657E+01
  -0.97714  0.3860E+01  0.7235E-02  0.2315E-01  0.3829E+01
  -0.90857  0.4273E+01  0.7838E-02  0.2302E-01  0.4242E+01
  -0.84000  0.4964E+01  0.1238E-01  0.3892E-01  0.4912E+01
  -0.77143  0.5099E+01  0.1738E-01  0.5970E-01  0.5022E+01
  -0.70286  0.3488E+01  0.1719E-01  0.4988E-01  0.3421E+01
  -0.63429  0.1785E+01  0.1731E-01  0.3056E-01  0.1737E+01
  -0.56571  0.1412E+01  0.1702E-01  0.2582E-01  0.1369E+01
  -0.49714  0.1854E+01  0.2126E-01  0.3410E-01  0.1799E+01
  -0.42857  0.2429E+01  0.3417E-01  0.5015E-01  0.2345E+01
  -0.36000  0.2336E+01  0.3798E-01  0.5224E-01  0.2246E+01
  -0.29143  0.1942E+01  0.3696E-01  0.4674E-01  0.1859E+01
  -0.22286  0.1617E+01  0.2957E-01  0.3999E-01  0.1547E+01
  -0.15429  0.1376E+01  0.1197E-01  0.2679E-01  0.1338E+01
  -0.08571  0.1299E+01  0.2016E-02  0.1557E-01  0.1282E+01
  -0.01714  0.1052E+01  0.1393E-03  0.7363E-02  0.1044E+01
   0.05143  0.7620E+00  0.1180E-03  0.2571E-02  0.7595E+00
   0.12000  0.6417E+00  0.1248E-02  0.1521E-02  0.6390E+00
   0.18857  0.4503E+00  0.5389E-02  0.3203E-02  0.4418E+00
   0.25714  0.2128E+00  0.1067E-01  0.6285E-02  0.1959E+00
   0.32571  0.1727E+00  0.2090E-01  0.1686E-01  0.1350E+00
   0.39429  0.3763E+00  0.5031E-01  0.4778E-01  0.2784E+00
   0.46286  0.4912E+00  0.6337E-01  0.7606E-01  0.3520E+00
   0.53143  0.3588E+00  0.3715E-01  0.1004E+00  0.2214E+00
   0.60000  0.2927E+00  0.1796E-01  0.1238E+00  0.1510E+00
   0.66857  0.3032E+00  0.1450E-01  0.9619E-01  0.1925E+00
   0.73714  0.2575E+00  0.1185E-01  0.5256E-01  0.1931E+00
   0.80571  0.1181E+00  0.5486E-02  0.1982E-01  0.9277E-01
   0.87429  0.6888E-01  0.4341E-02  0.9409E-02  0.5508E-01
   0.94286  0.2579E+00  0.1824E-01  0.3237E-01  0.2070E+00
   1.01143  0.5558E+00  0.3965E-01  0.7110E-01  0.4445E+00
   1.08000  0.5729E+00  0.4271E-01  0.8504E-01  0.4448E+00
   1.14857  0.5173E+00  0.4287E-01  0.1046E+00  0.3696E+00
   1.21714  0.4453E+00  0.3873E-01  0.1015E+00  0.3051E+00
   1.28571  0.2176E+00  0.1969E-01  0.4905E-01  0.1489E+00
   1.35429  0.1612E+00  0.1714E-01  0.3076E-01  0.1133E+00
   1.42286  0.2323E+00  0.2575E-01  0.4199E-01  0.1646E+00
   1.49143  0.1633E+00  0.1791E-01  0.3007E-01  0.1153E+00
   1.56000  0.6878E-01  0.5824E-02  0.1847E-01  0.4448E-01
   1.62857  0.1178E+00  0.9553E-02  0.4396E-01  0.6427E-01
   1.69714  0.2505E+00  0.3361E-01  0.8138E-01  0.1355E+00
   1.76571  0.2720E+00  0.4877E-01  0.7575E-01  0.1475E+00
   1.83429  0.1351E+00  0.2765E-01  0.3407E-01  0.7338E-01
   1.90286  0.2834E-01  0.6121E-02  0.6817E-02  0.1541E-01
   1.97143  0.2400E-02  0.5291E-03  0.5661E-03  0.1305E-02
   2.04000  0.8965E-04  0.1855E-04  0.2331E-04  0.4779E-04
   2.10857  0.4540E-03  0.3510E-04  0.2183E-03  0.2012E-03
   2.17714  0.8959E-02  0.7307E-03  0.4226E-02  0.4013E-02
   2.24571  0.7521E-01  0.6880E-02  0.3389E-01  0.3452E-01
   2.31429  0.2914E+00  0.3136E-01  0.1211E+00  0.1392E+00
   2.38286  0.5744E+00  0.6970E-01  0.2192E+00  0.2858E+00
   2.45143  0.6204E+00  0.7052E-01  0.2374E+00  0.3126E+00
   2.52000  0.3937E+00  0.3012E-01  0.1705E+00  0.1931E+00
   2.58857  0.1480E+00  0.5246E-02  0.7284E-01  0.6993E-01
   2.65714  0.4585E-01  0.1323E-02  0.2126E-01  0.2326E-01
   2.72571  0.1300E+00  0.6948E-02  0.4793E-01  0.7516E-01
   2.79429  0.3599E+00  0.1975E-01  0.1311E+00  0.2090E+00
   2.86286  0.4265E+00  0.2535E-01  0.1511E+00  0.2500E+00
   2.93143  0.3129E+00  0.2536E-01  0.9600E-01  0.1915E+00
   3.00000  0.2502E+00  0.2619E-01  0.6393E-01  0.1601E+00
   3.06857  0.1652E+00  0.1822E-01  0.4136E-01  0.1056E+00
   3.13714  0.1710E+00  0.1901E-01  0.4625E-01  0.1058E+00
   3.20571  0.2189E+00  0.2435E-01  0.6037E-01  0.1341E+00
   3.27429  0.1285E+00  0.1429E-01  0.3549E-01  0.7870E-01
   3.34286  0.2977E-01  0.3314E-02  0.8225E-02  0.1823E-01
   3.41143  0.3185E-02  0.4254E-03  0.9324E-03  0.1828E-02
   3.48000  0.6030E-02  0.1520E-02  0.2300E-02  0.2218E-02
   3.54857  0.2932E-01  0.7173E-02  0.1127E-01  0.1091E-01
   3.61714  0.7792E-01  0.1500E-01  0.3048E-01  0.3247E-01
   3.68571  0.2010E+00  0.2212E-01  0.8083E-01  0.9789E-01
   3.75429  0.3938E+00  0.3273E-01  0.1598E+00  0.2008E+00
   3.82286  0.3494E+00  0.2770E-01  0.1419E+00  0.1793E+00
   3.89143  0.1287E+00  0.1079E-01  0.5231E-01  0.6541E-01
   3.96000  0.6293E-01  0.1059E-01  0.2585E-01  0.2646E-01
   4.02857  0.1540E+00  0.3090E-01  0.6359E-01  0.5955E-01
   4.09714  0.2074E+00  0.4109E-01  0.8638E-01  0.7995E-01
   4.16571  0.1658E+00  0.2811E-01  0.7428E-01  0.6337E-01
   4.23429  0.2138E+00  0.2528E-01  0.1074E+00  0.8094E-01
   4.30286  0.2872E+00  0.2281E-01  0.1544E+00  0.1098E+00
   4.37143  0.2682E+00  0.9304E-02  0.1548E+00  0.1043E+00
   4.44000  0.1525E+00  0.1499E-02  0.9136E-01  0.5987E-01
   4.50857  0.4069E-01  0.9442E-04  0.2464E-01  0.1602E-01
   4.57714  0.4969E-02  0.2322E-05  0.2957E-02  0.2015E-02
   4.64571  0.7681E-02  0.2230E-07  0.3804E-02  0.3867E-02
   4.71429  0.4219E-01  0.8362E-10  0.2077E-01  0.2136E-01
   4.78286  0.9277E-01  0.2898E-11  0.4568E-01  0.4696E-01
   4.85143  0.7967E-01  0.1184E-08  0.3923E-01  0.4033E-01
   4.92000  0.2672E-01  0.1973E-06  0.1316E-01  0.1353E-01
   4.98857  0.3636E-02  0.1283E-04  0.1788E-02  0.1830E-02
   5.05714  0.3756E-02  0.3259E-03  0.1796E-02  0.1629E-02
   5.12571  0.3740E-01  0.3232E-02  0.1791E-01  0.1621E-01
   5.19429  0.1644E+00  0.1252E-01  0.7928E-01  0.7240E-01
   5.26286  0.3265E+00  0.1892E-01  0.1594E+00  0.1479E+00
   5.33143  0.3141E+00  0.1118E-01  0.1556E+00  0.1472E+00
   5.40000  0.1478E+00  0.2733E-02  0.7390E-01  0.7115E-01
   5.46857  0.5224E-01  0.2173E-02  0.2398E-01  0.2612E-01
   5.53714  0.1069E+00  0.9369E-02  0.4249E-01  0.5522E-01
   5.60571  0.1964E+00  0.1762E-01  0.7749E-01  0.1015E+00
   5.67429  0.1443E+00  0.1296E-01  0.5693E-01  0.7460E-01
   5.74286  0.4142E-01  0.3719E-02  0.1634E-01  0.2141E-01
   5.81143  0.4643E-02  0.4169E-03  0.1832E-02  0.2400E-02
   5.88000  0.2032E-03  0.1825E-04  0.8018E-04  0.1051E-03
   5.94857  0.4700E-05  0.5003E-06  0.2084E-05  0.2118E-05
   6.01714  0.8787E-04  0.1350E-04  0.5112E-04  0.2313E-04
   6.08571  0.2456E-02  0.3773E-03  0.1429E-02  0.6463E-03
   6.15429  0.2681E-01  0.4119E-02  0.1560E-01  0.7056E-02
   6.22286  0.1143E+00  0.1756E-01  0.6649E-01  0.3008E-01
   6.29143  0.1902E+00  0.2922E-01  0.1107E+00  0.5006E-01
   6.36000  0.1238E+00  0.1899E-01  0.7205E-01  0.3260E-01
   6.42857  0.3573E-01  0.4820E-02  0.2118E-01  0.9692E-02
   6.49714  0.4258E-01  0.4776E-03  0.2830E-01  0.1385E-01
   6.56571  0.1432E+00  0.1848E-04  0.9552E-01  0.4790E-01
   6.63429  0.2284E+00  0.2792E-06  0.1481E+00  0.8060E-01
   6.70286  0.2114E+00  0.1647E-08  0.1269E+00  0.8460E-01
   6.77143  0.1405E+00  0.4643E-11  0.7807E-01  0.6251E-01
   6.84000  0.5215E-01  0.4977E-09  0.2813E-01  0.2402E-01
   6.90857  0.8367E-02  0.1146E-06  0.4483E-02  0.3885E-02
   6.97714  0.5574E-03  0.1044E-04  0.2869E-03  0.2601E-03
   7.04571  0.8081E-03  0.3823E-03  0.1865E-04  0.4080E-03
   7.11429  0.1204E-01  0.5772E-02  0.2110E-03  0.6065E-02
   7.18286  0.7836E-01  0.3739E-01  0.1760E-02  0.3927E-01
   7.25143  0.2281E+00  0.1082E+00  0.6543E-02  0.1135E+00
   7.32000  0.3013E+00  0.1419E+00  0.1055E-01  0.1489E+00
   7.38857  0.1886E+00  0.8636E-01  0.9949E-02  0.9230E-01
   7.45714  0.1501E+00  0.5514E-01  0.2537E-01  0.6969E-01
   7.52571  0.3459E+00  0.1185E+00  0.7130E-01  0.1562E+00
   7.59429  0.4659E+00  0.1670E+00  0.8966E-01  0.2094E+00
   7.66286  0.2953E+00  0.1118E+00  0.5072E-01  0.1327E+00
   7.73143  0.1317E+00  0.5377E-01  0.1709E-01  0.6080E-01
   7.80000  0.1655E+00  0.7172E-01  0.1387E-01  0.7988E-01
   7.86857  0.2124E+00  0.9253E-01  0.1684E-01  0.1031E+00
   7.93714  0.1303E+00  0.5607E-01  0.1152E-01  0.6272E-01
   8.00571  0.1659E+00  0.6573E-01  0.2454E-01  0.7553E-01
   8.07429  0.4995E+00  0.1924E+00  0.8479E-01  0.2220E+00
   8.14286  0.7380E+00  0.2760E+00  0.1441E+00  0.3176E+00
   8.21143  0.5108E+00  0.1800E+00  0.1241E+00  0.2067E+00
   8.28000  0.2375E+00  0.7466E-01  0.7027E-01  0.9258E-01
   8.34857  0.2896E+00  0.8086E-01  0.8514E-01  0.1233E+00
   8.41714  0.4310E+00  0.1139E+00  0.1333E+00  0.1832E+00
   8.48571  0.3201E+00  0.7169E-01  0.1191E+00  0.1290E+00
   8.55429  0.1399E+00  0.1936E-01  0.6778E-01  0.5272E-01
   8.62286  0.6422E-01  0.4834E-02  0.3419E-01  0.2521E-01
   8.69143  0.1540E+00  0.1728E-01  0.7398E-01  0.6262E-01
   8.76000  0.3731E+00  0.4876E-01  0.1757E+00  0.1484E+00
   8.82857  0.4589E+00  0.5429E-01  0.2285E+00  0.1758E+00
   8.89714  0.4060E+00  0.2361E-01  0.2288E+00  0.1536E+00
   8.96571  0.2735E+00  0.4009E-02  0.1609E+00  0.1087E+00
   9.03429  0.9511E-01  0.2739E-03  0.5485E-01  0.4006E-01
   9.10286  0.1444E-01  0.3073E-03  0.7846E-02  0.6297E-02
   9.17143  0.7896E-02  0.4496E-02  0.8787E-03  0.2529E-02
   9.24000  0.4997E-01  0.2842E-01  0.4703E-02  0.1688E-01
   9.30857  0.1637E+00  0.8019E-01  0.2185E-01  0.6172E-01
   9.37714  0.2499E+00  0.1057E+00  0.4177E-01  0.1025E+00
   9.44571  0.1940E+00  0.7229E-01  0.3803E-01  0.8369E-01
   9.51429  0.2103E+00  0.6821E-01  0.5029E-01  0.9180E-01
   9.58286  0.3862E+00  0.1211E+00  0.9976E-01  0.1654E+00
   9.65143  0.3720E+00  0.1149E+00  0.1083E+00  0.1489E+00
   9.72000  0.1978E+00  0.5532E-01  0.8064E-01  0.6189E-01
   9.78857  0.1558E+00  0.2785E-01  0.9361E-01  0.3438E-01
   9.85714  0.1983E+00  0.2866E-01  0.1256E+00  0.4396E-01
   9.92571  0.1810E+00  0.4253E-01  0.9493E-01  0.4356E-01
   9.99429  0.2751E+00  0.1074E+00  0.8638E-01  0.8132E-01
  10.06286  0.5000E+00  0.1813E+00  0.1528E+00  0.1660E+00
  10.13143  0.5426E+00  0.1583E+00  0.1972E+00  0.1870E+00
  10.20000  0.5499E+00  0.1183E+00  0.2422E+00  0.1893E+00
  10.26857  0.6944E+00  0.1487E+00  0.2922E+00  0.2533E+00
  10.33714  0.5907E+00  0.1595E+00  0.2146E+00  0.2166E+00
  10.40571  0.3200E+00  0.1179E+00  0.9526E-01  0.1071E+00
  10.47429  0.1158E+00  0.5146E-01  0.2942E-01  0.3507E-01
  10.54286  0.2282E-01  0.1133E-01  0.5200E-02  0.6317E-02
  10.61143  0.8328E-02  0.7416E-02  0.4134E-03  0.5011E-03
  10.68000  0.1598E-01  0.1565E-01  0.2252E-03  0.1027E-03
  10.74857  0.2142E-01  0.1571E-01  0.4047E-02  0.1656E-02
  10.81714  0.5790E-01  0.1535E-01  0.3014E-01  0.1234E-01
  10.88571  0.1549E+00  0.3072E-01  0.8784E-01  0.3608E-01
  10.95429  0.1891E+00  0.4017E-01  0.1039E+00  0.4478E-01
  11.02286  0.1809E+00  0.5462E-01  0.7867E-01  0.4741E-01
  11.09143  0.3102E+00  0.9726E-01  0.1207E+00  0.9203E-01
  11.16000  0.3780E+00  0.9492E-01  0.1600E+00  0.1228E+00
  11.22857  0.2919E+00  0.6330E-01  0.1182E+00  0.1103E+00
  11.29714  0.2237E+00  0.5424E-01  0.7359E-01  0.9588E-01
  11.36571  0.1218E+00  0.3163E-01  0.3711E-01  0.5311E-01
  11.43429  0.8226E-01  0.2137E-01  0.3445E-01  0.2646E-01
  11.50286  0.2905E+00  0.7124E-01  0.1452E+00  0.7418E-01
  11.57143  0.6459E+00  0.1500E+00  0.3345E+00  0.1617E+00
  11.64000  0.7413E+00  0.1643E+00  0.3743E+00  0.2032E+00
  11.70857  0.6514E+00  0.1388E+00  0.2842E+00  0.2290E+00
  11.77714  0.5290E+00  0.1086E+00  0.2016E+00  0.2193E+00
  11.84571  0.3548E+00  0.6116E-01  0.1358E+00  0.1580E+00
  11.91429  0.2525E+00  0.1962E-01  0.1102E+00  0.1227E+00
  11.98286  0.1711E+00  0.2981E-02  0.8077E-01  0.8731E-01
  12.05143  0.6106E-01  0.1912E-03  0.2935E-01  0.3152E-01
  12.12000  0.9021E-02  0.4919E-05  0.4350E-02  0.4666E-02
  12.18857  0.5257E-03  0.4986E-07  0.2536E-03  0.2720E-03
  12.25714  0.1198E-04  0.2061E-09  0.5781E-05  0.6200E-05
  12.32571  0.1189E-06  0.3678E-08  0.5604E-07  0.5921E-07
  12.39429  0.2192E-05  0.6482E-06  0.8235E-06  0.7222E-06
  12.46286  0.1547E-03  0.4482E-04  0.5876E-04  0.5128E-04
  12.53143  0.4344E-02  0.1219E-02  0.1677E-02  0.1452E-02
  12.60000  0.4902E-01  0.1312E-01  0.1938E-01  0.1656E-01
  12.66857  0.2261E+00  0.5620E-01  0.9269E-01  0.7725E-01
  12.73714  0.4413E+00  0.9706E-01  0.1929E+00  0.1513E+00
  12.80571  0.4122E+00  0.7199E-01  0.2048E+00  0.1353E+00
  12.87429  0.3115E+00  0.4902E-01  0.1757E+00  0.8670E-01
  12.94286  0.3819E+00  0.8800E-01  0.1962E+00  0.9773E-01
  13.01143  0.4171E+00  0.9965E-01  0.1975E+00  0.1199E+00
  13.08000  0.2987E+00  0.4597E-01  0.1406E+00  0.1121E+00
  13.14857  0.1480E+00  0.8416E-02  0.7114E-01  0.6845E-01
  13.21714  0.4140E-01  0.8423E-03  0.2016E-01  0.2040E-01
  13.28571  0.2670E-01  0.3879E-02  0.1324E-01  0.9607E-02
  13.35429  0.1459E+00  0.2563E-01  0.7157E-01  0.4891E-01
  13.42286  0.4003E+00  0.7066E-01  0.1907E+00  0.1393E+00
  13.49143  0.4813E+00  0.8667E-01  0.2180E+00  0.1769E+00
  13.56000  0.2910E+00  0.6177E-01  0.1232E+00  0.1060E+00
  13.62857  0.1722E+00  0.5675E-01  0.7043E-01  0.4501E-01
  13.69714  0.2507E+00  0.6607E-01  0.1053E+00  0.7936E-01
  13.76571  0.4432E+00  0.6647E-01  0.2041E+00  0.1726E+00
  13.83429  0.4759E+00  0.4686E-01  0.2539E+00  0.1751E+00
  13.90286  0.2953E+00  0.2368E-01  0.1772E+00  0.9438E-01
  13.97143  0.2705E+00  0.4223E-01  0.1434E+00  0.8485E-01
  14.04000  0.4257E+00  0.9321E-01  0.2029E+00  0.1295E+00
  14.10857  0.4644E+00  0.1248E+00  0.2121E+00  0.1273E+00
  14.17714  0.3246E+00  0.9286E-01  0.1442E+00  0.8733E-01
  14.24571  0.1669E+00  0.3188E-01  0.7442E-01  0.6047E-01
  14.31429  0.1651E+00  0.4515E-02  0.7526E-01  0.8532E-01
  14.38286  0.1593E+00  0.2536E-03  0.7288E-01  0.8618E-01
  14.45143  0.6630E-01  0.5585E-05  0.3034E-01  0.3596E-01
  14.52000  0.1084E-01  0.2447E-06  0.4961E-02  0.5881E-02
  14.58857  0.7854E-03  0.1576E-04  0.3590E-03  0.4106E-03
  14.65714  0.2928E-02  0.4932E-03  0.1331E-02  0.1104E-02
  14.72571  0.3573E-01  0.6042E-02  0.1626E-01  0.1343E-01
  14.79429  0.1749E+00  0.2929E-01  0.8026E-01  0.6531E-01
  14.86286  0.3718E+00  0.5969E-01  0.1772E+00  0.1349E+00
  14.93143  0.4589E+00  0.6550E-01  0.2412E+00  0.1522E+00
  15.00000  0.4320E+00  0.5573E-01  0.2465E+00  0.1299E+00
  15.06857  0.2426E+00  0.3134E-01  0.1408E+00  0.7040E-01
  15.13714  0.1014E+00  0.1393E-01  0.5757E-01  0.2994E-01
  15.20571  0.1354E+00  0.1920E-01  0.7507E-01  0.4114E-01
  15.27429  0.1469E+00  0.2084E-01  0.8132E-01  0.4472E-01
  15.34286  0.6461E-01  0.9166E-02  0.3577E-01  0.1967E-01
  15.41143  0.1119E-01  0.1586E-02  0.6188E-02  0.3416E-02
  15.48000  0.3400E-02  0.4350E-03  0.1639E-02  0.1327E-02
  15.54857  0.3501E-01  0.4347E-02  0.1614E-01  0.1453E-01
  15.61714  0.1862E+00  0.2318E-01  0.8522E-01  0.7785E-01
  15.68571  0.4321E+00  0.5429E-01  0.1936E+00  0.1842E+00
  15.75429  0.5320E+00  0.6915E-01  0.2291E+00  0.2338E+00
  15.82286  0.4320E+00  0.5974E-01  0.1807E+00  0.1916E+00
  15.89143  0.2121E+00  0.3108E-01  0.8884E-01  0.9214E-01
  15.96000  0.5010E-01  0.7658E-02  0.2122E-01  0.2122E-01
  16.02857  0.5698E-02  0.7954E-03  0.2155E-02  0.2748E-02
  16.09714  0.6880E-02  0.4990E-04  0.1688E-03  0.6661E-02
  16.16571  0.2923E-01  0.3561E-03  0.1724E-02  0.2715E-01
  16.23429  0.7449E-01  0.2995E-02  0.1442E-01  0.5708E-01
  16.30286  0.1481E+00  0.1020E-01  0.4719E-01  0.9067E-01
  16.37143  0.2002E+00  0.1630E-01  0.6138E-01  0.1226E+00
  16.44000  0.2173E+00  0.1860E-01  0.4189E-01  0.1568E+00
  16.50857  0.2638E+00  0.1776E-01  0.6714E-01  0.1787E+00
  16.57714  0.3056E+00  0.1344E-01  0.1431E+00  0.1487E+00
  16.64571  0.2862E+00  0.1915E-01  0.1579E+00  0.1087E+00
  16.71429  0.2216E+00  0.2842E-01  0.1106E+00  0.8218E-01
  16.78286  0.1658E+00  0.2661E-01  0.7993E-01  0.5909E-01
  16.85143  0.2896E+00  0.4296E-01  0.1520E+00  0.9465E-01
  16.92000  0.5297E+00  0.7148E-01  0.2776E+00  0.1806E+00
  16.98857  0.4607E+00  0.5683E-01  0.2382E+00  0.1656E+00
  17.05714  0.2323E+00  0.2730E-01  0.1098E+00  0.9513E-01
  17.12571  0.2058E+00  0.3503E-01  0.6557E-01  0.1050E+00
  17.19429  0.2701E+00  0.5532E-01  0.8834E-01  0.1264E+00
  17.26286  0.2511E+00  0.4874E-01  0.1073E+00  0.9523E-01
  17.33143  0.2413E+00  0.3534E-01  0.1090E+00  0.9709E-01
  17.40000  0.4491E+00  0.5945E-01  0.2002E+00  0.1895E+00
  17.46857  0.6212E+00  0.8183E-01  0.2765E+00  0.2629E+00
  17.53714  0.4628E+00  0.4914E-01  0.2048E+00  0.2089E+00
  17.60571  0.2806E+00  0.1313E-01  0.1482E+00  0.1193E+00
  17.67429  0.2354E+00  0.7979E-02  0.1403E+00  0.8719E-01
  17.74286  0.1847E+00  0.2022E-01  0.9080E-01  0.7370E-01
  17.81143  0.1225E+00  0.2368E-01  0.4335E-01  0.5549E-01
  17.88000  0.7264E-01  0.1087E-01  0.2278E-01  0.3898E-01
  17.94857  0.1047E+00  0.2249E-02  0.3460E-01  0.6781E-01
  18.01714  0.1684E+00  0.3122E-02  0.5660E-01  0.1087E+00
  18.08571  0.1947E+00  0.1302E-01  0.6512E-01  0.1165E+00
  18.15429  0.1949E+00  0.2679E-01  0.6513E-01  0.1030E+00
  18.22286  0.2156E+00  0.3561E-01  0.9681E-01  0.8332E-01
  18.29143  0.4207E+00  0.5810E-01  0.2246E+00  0.1384E+00
  18.36000  0.5708E+00  0.7841E-01  0.2899E+00  0.2030E+00
  18.42857  0.3994E+00  0.6177E-01  0.1751E+00  0.1629E+00
  18.49714  0.2512E+00  0.4209E-01  0.7478E-01  0.1344E+00
  18.56571  0.3226E+00  0.4383E-01  0.8099E-01  0.1980E+00
  18.63429  0.3967E+00  0.4434E-01  0.1369E+00  0.2157E+00
  18.70286  0.2981E+00  0.2485E-01  0.1420E+00  0.1313E+00
  18.77143  0.1306E+00  0.7003E-02  0.7216E-01  0.5144E-01
  18.84000  0.2885E-01  0.9453E-03  0.1628E-01  0.1163E-01
  18.90857  0.2813E-02  0.5720E-04  0.1554E-02  0.1202E-02
  18.97714  0.4975E-03  0.5011E-04  0.2770E-03  0.1707E-03
  19.04571  0.8342E-02  0.1051E-02  0.4816E-02  0.2482E-02
  19.11429  0.7320E-01  0.9199E-02  0.4378E-01  0.2027E-01
  19.18286  0.2643E+00  0.3321E-01  0.1651E+00  0.6612E-01
  19.25143  0.4034E+00  0.5016E-01  0.2642E+00  0.8898E-01
  19.32000  0.3119E+00  0.3192E-01  0.2127E+00  0.6718E-01
  19.38857  0.3028E+00  0.8546E-02  0.2089E+00  0.8527E-01
  19.45714  0.3756E+00  0.1348E-02  0.2635E+00  0.1108E+00
  19.52571  0.2624E+00  0.3875E-02  0.1784E+00  0.8011E-01
  19.59429  0.1956E+00  0.1587E-01  0.9743E-01  0.8241E-01
  19.66286  0.2286E+00  0.3009E-01  0.8801E-01  0.1108E+00
  19.73143  0.1683E+00  0.3093E-01  0.5980E-01  0.7783E-01
  19.80000  0.9901E-01  0.2558E-01  0.4311E-01  0.3037E-01
  19.86857  0.1764E+00  0.2676E-01  0.1026E+00  0.4683E-01
  19.93714  0.4185E+00  0.4758E-01  0.2230E+00  0.1477E+00
  20.00571  0.5327E+00  0.6355E-01  0.2548E+00  0.2145E+00
  20.07429  0.3905E+00  0.5539E-01  0.1910E+00  0.1444E+00
  20.14286  0.2314E+00  0.4117E-01  0.1286E+00  0.6196E-01
  20.21143  0.1122E+00  0.2300E-01  0.6210E-01  0.2719E-01
  20.28000  0.1205E+00  0.2597E-01  0.4863E-01  0.4592E-01
  20.34857  0.2624E+00  0.3991E-01  0.1026E+00  0.1199E+00
  20.41714  0.4135E+00  0.2845E-01  0.2009E+00  0.1841E+00
  20.48571  0.5221E+00  0.8993E-02  0.3240E+00  0.1890E+00
  20.55429  0.5271E+00  0.1598E-02  0.3466E+00  0.1786E+00
  20.62286  0.3613E+00  0.2511E-03  0.2328E+00  0.1280E+00
  20.69143  0.1428E+00  0.4814E-03  0.9310E-01  0.4914E-01
  20.76000  0.7235E-01  0.4694E-02  0.4404E-01  0.2358E-01
  20.82857  0.2201E+00  0.1939E-01  0.1230E+00  0.7757E-01
  20.89714  0.4550E+00  0.3415E-01  0.2592E+00  0.1614E+00
  20.96571  0.5180E+00  0.3045E-01  0.3298E+00  0.1575E+00
  21.03429  0.3833E+00  0.1886E-01  0.2759E+00  0.8849E-01
  21.10286  0.1919E+00  0.1412E-01  0.1400E+00  0.3775E-01
  21.17143  0.9305E-01  0.2789E-01  0.5040E-01  0.1475E-01
  21.24000  0.6731E-01  0.4623E-01  0.1649E-01  0.4588E-02
  21.30857  0.3959E-01  0.3321E-01  0.5281E-02  0.1100E-02
  21.37714  0.1128E-01  0.9457E-02  0.1386E-02  0.4369E-03
  21.44571  0.7511E-02  0.1064E-02  0.3030E-02  0.3417E-02
  21.51429  0.3950E-01  0.2398E-03  0.1950E-01  0.1976E-01
  21.58286  0.1157E+00  0.1481E-02  0.6649E-01  0.4771E-01
  21.65143  0.1847E+00  0.4410E-02  0.1271E+00  0.5324E-01
  21.72000  0.1611E+00  0.5134E-02  0.1240E+00  0.3198E-01
  21.78857  0.6687E-01  0.2424E-02  0.5362E-01  0.1082E-01
  21.85714  0.2457E-01  0.1839E-02  0.1666E-01  0.6073E-02
  21.92571  0.9171E-01  0.8594E-02  0.5048E-01  0.3263E-01
  21.99429  0.2759E+00  0.2017E-01  0.1553E+00  0.1004E+00
  22.06286  0.4209E+00  0.1881E-01  0.2620E+00  0.1402E+00
  22.13143  0.3577E+00  0.8308E-02  0.2490E+00  0.1005E+00
  22.20000  0.2021E+00  0.1244E-01  0.1319E+00  0.5773E-01
  22.26857  0.2557E+00  0.4100E-01  0.1055E+00  0.1094E+00
  22.33714  0.4024E+00  0.5860E-01  0.1481E+00  0.1960E+00
  22.40571  0.2822E+00  0.3317E-01  0.1020E+00  0.1472E+00
  22.47429  0.7978E-01  0.7436E-02  0.2825E-01  0.4415E-01
  22.54286  0.9063E-02  0.6624E-03  0.3121E-02  0.5285E-02
  22.61143  0.4143E-03  0.2351E-04  0.1378E-03  0.2532E-03
  22.68000  0.1849E-04  0.7758E-06  0.8509E-05  0.9208E-05
  22.74857  0.4463E-03  0.1818E-04  0.2493E-03  0.1788E-03
  22.81714  0.7177E-02  0.2929E-03  0.4005E-02  0.2879E-02
  22.88571  0.4571E-01  0.1878E-02  0.2539E-01  0.1844E-01
  22.95429  0.1201E+00  0.5058E-02  0.6553E-01  0.4949E-01
  23.02286  0.1481E+00  0.6706E-02  0.7654E-01  0.6480E-01
  23.09143  0.1107E+00  0.5885E-02  0.5261E-01  0.5222E-01
  23.16000  0.9324E-01  0.8462E-02  0.4957E-01  0.3522E-01
  23.22857  0.2167E+00  0.2733E-01  0.1342E+00  0.5521E-01
  23.29714  0.3663E+00  0.4821E-01  0.2306E+00  0.8757E-01
  23.36571  0.2999E+00  0.3688E-01  0.1863E+00  0.7678E-01
  23.43429  0.2462E+00  0.1871E-01  0.1426E+00  0.8494E-01
  23.50286  0.2463E+00  0.1290E-01  0.1376E+00  0.9590E-01
  23.57143  0.1267E+00  0.6197E-02  0.6977E-01  0.5072E-01
  23.64000  0.3444E-01  0.1258E-02  0.1535E-01  0.1783E-01
  23.70857  0.4112E-01  0.1877E-03  0.9343E-02  0.3159E-01
  23.77714  0.1031E+00  0.2108E-02  0.2580E-01  0.7523E-01
  23.84571  0.1753E+00  0.1979E-01  0.4908E-01  0.1064E+00
  23.91429  0.2661E+00  0.7264E-01  0.8386E-01  0.1095E+00
  23.98286  0.2752E+00  0.1041E+00  0.9247E-01  0.7836E-01
  24.05143  0.1348E+00  0.5828E-01  0.4648E-01  0.2993E-01
  24.12000  0.4752E-01  0.1274E-01  0.1261E-01  0.2217E-01
  24.18857  0.1035E+00  0.1087E-02  0.1657E-01  0.8604E-01
  24.25714  0.2136E+00  0.3779E-04  0.3601E-01  0.1778E+00
  24.32571  0.2139E+00  0.6137E-04  0.4096E-01  0.1730E+00
  24.39429  0.1254E+00  0.9229E-03  0.2881E-01  0.9565E-01
  24.46286  0.1320E+00  0.5481E-02  0.3952E-01  0.8679E-01
  24.53143  0.2738E+00  0.1323E-01  0.8336E-01  0.1767E+00
  24.60000  0.3905E+00  0.1785E-01  0.1015E+00  0.2708E+00
  24.66857  0.5432E+00  0.3117E-01  0.1077E+00  0.4047E+00
  24.73714  0.7178E+00  0.4725E-01  0.1567E+00  0.5146E+00
  24.80571  0.6463E+00  0.3485E-01  0.2009E+00  0.4111E+00
  24.87429  0.4630E+00  0.1568E-01  0.1628E+00  0.2849E+00
  24.94286  0.3869E+00  0.1279E-01  0.9027E-01  0.2843E+00
  25.01143  0.3083E+00  0.1431E-01  0.4690E-01  0.2476E+00
  25.08000  0.1491E+00  0.8120E-02  0.2071E-01  0.1205E+00
  25.14857  0.6363E-01  0.2706E-02  0.1137E-01  0.4956E-01
  25.21714  0.1422E+00  0.9670E-02  0.3463E-01  0.9768E-01
  25.28571  0.2948E+00  0.4159E-01  0.9258E-01  0.1604E+00
  25.35429  0.3179E+00  0.7106E-01  0.1292E+00  0.1175E+00
  25.42286  0.1664E+00  0.4741E-01  0.8054E-01  0.3843E-01
  25.49143  0.4549E-01  0.1235E-01  0.2377E-01  0.9362E-02
  25.56000  0.5364E-01  0.1257E-02  0.2517E-01  0.2721E-01
  25.62857  0.1421E+00  0.4992E-04  0.6304E-01  0.7902E-01
  25.69714  0.1699E+00  0.7742E-06  0.6740E-01  0.1025E+00
  25.76571  0.9758E-01  0.4689E-08  0.3135E-01  0.6622E-01
  25.83429  0.6250E-01  0.1109E-10  0.2862E-01  0.3382E-01
  25.90286  0.1189E+00  0.1024E-13  0.7477E-01  0.4393E-01
  25.97143  0.1412E+00  0.3691E-17  0.9093E-01  0.4997E-01
  26.04000  0.6724E-01  0.1094E-19  0.4337E-01  0.2374E-01
  26.10857  0.1253E-01  0.4093E-16  0.8080E-02  0.4425E-02
  26.17714  0.1096E-02  0.6276E-13  0.6314E-03  0.4629E-03
  26.24571  0.3124E-02  0.3758E-10  0.7501E-03  0.2373E-02
  26.31429  0.2024E-01  0.8788E-08  0.4792E-02  0.1545E-01
  26.38286  0.5164E-01  0.8029E-06  0.1223E-01  0.3941E-01
  26.45143  0.5187E-01  0.2869E-04  0.1245E-01  0.3940E-01
  26.52000  0.2674E-01  0.4018E-03  0.8802E-02  0.1752E-01
  26.58857  0.4687E-01  0.2221E-02  0.2697E-01  0.1764E-01
  26.65714  0.1347E+00  0.4928E-02  0.7954E-01  0.5013E-01
  26.72571  0.2054E+00  0.4565E-02  0.1196E+00  0.8116E-01
  26.79429  0.1611E+00  0.1898E-02  0.9106E-01  0.6812E-01
  26.86286  0.1071E+00  0.3842E-03  0.5278E-01  0.5393E-01
  26.93143  0.1138E+00  0.7402E-04  0.4782E-01  0.6590E-01
  27.00000  0.1044E+00  0.5184E-03  0.3227E-01  0.7163E-01
  27.06857  0.1350E+00  0.3025E-02  0.1632E-01  0.1157E+00
  27.13714  0.2249E+00  0.9110E-02  0.1742E-01  0.1984E+00
  27.20571  0.3047E+00  0.2518E-01  0.3771E-01  0.2418E+00
  27.27429  0.4217E+00  0.6076E-01  0.8960E-01  0.2713E+00
  27.34286  0.5014E+00  0.9264E-01  0.1400E+00  0.2687E+00
  27.41143  0.5213E+00  0.1086E+00  0.1663E+00  0.2463E+00
  27.48000  0.5450E+00  0.1073E+00  0.2148E+00  0.2227E+00
  27.54857  0.4322E+00  0.7608E-01  0.2088E+00  0.1470E+00
  27.61714  0.2074E+00  0.3087E-01  0.1134E+00  0.6295E-01
  27.68571  0.1525E+00  0.5932E-02  0.9269E-01  0.5370E-01
  27.75429  0.2258E+00  0.1671E-02  0.1253E+00  0.9855E-01
  27.82286  0.2881E+00  0.9559E-02  0.1084E+00  0.1701E+00
  27.89143  0.4365E+00  0.3761E-01  0.1129E+00  0.2861E+00
  27.96000  0.7314E+00  0.8258E-01  0.2101E+00  0.4384E+00
  28.02857  0.8593E+00  0.9675E-01  0.2701E+00  0.4918E+00
  28.09714  0.5514E+00  0.5609E-01  0.1645E+00  0.3304E+00
  28.16571  0.2016E+00  0.1693E-01  0.5137E-01  0.1332E+00
  28.23429  0.5841E-01  0.3162E-02  0.1778E-01  0.3746E-01
  28.30286  0.7310E-01  0.9546E-03  0.3027E-01  0.4188E-01
  28.37143  0.1452E+00  0.6138E-03  0.5185E-01  0.9274E-01
  28.44000  0.1491E+00  0.2045E-03  0.4841E-01  0.1005E+00
  28.50857  0.7317E-01  0.1307E-03  0.2237E-01  0.5067E-01
  28.57714  0.5792E-01  0.1667E-02  0.1795E-01  0.3829E-01
  28.64571  0.1387E+00  0.1178E-01  0.5703E-01  0.6982E-01
  28.71429  0.2640E+00  0.4005E-01  0.1169E+00  0.1069E+00
  28.78286  0.3353E+00  0.6797E-01  0.1226E+00  0.1447E+00
  28.85143  0.2479E+00  0.5561E-01  0.6997E-01  0.1224E+00
  28.92000  0.1362E+00  0.2495E-01  0.3321E-01  0.7812E-01
  28.98857  0.1837E+00  0.1826E-01  0.4928E-01  0.1162E+00
  29.05714  0.3407E+00  0.2444E-01  0.1073E+00  0.2090E+00
  29.12571  0.4630E+00  0.2891E-01  0.1562E+00  0.2780E+00
  29.19429  0.3410E+00  0.2086E-01  0.1119E+00  0.2086E+00
  29.26286  0.1184E+00  0.7006E-02  0.3588E-01  0.7573E-01
  29.33143  0.3821E-01  0.3333E-02  0.1408E-01  0.2087E-01
  29.40000  0.1058E+00  0.1211E-01  0.4846E-01  0.4540E-01
  29.46857  0.2156E+00  0.2392E-01  0.9897E-01  0.9296E-01
  29.53714  0.1956E+00  0.2116E-01  0.8798E-01  0.8670E-01
  29.60571  0.1497E+00  0.1695E-01  0.6167E-01  0.7112E-01
  29.67429  0.1465E+00  0.1733E-01  0.5707E-01  0.7206E-01
  29.74286  0.7929E-01  0.9445E-02  0.3067E-01  0.3917E-01
  29.81143  0.1756E-01  0.2081E-02  0.6813E-02  0.8662E-02
  29.88000  0.5313E-02  0.3343E-03  0.2743E-02  0.2236E-02
  29.94857  0.3659E-01  0.1442E-02  0.2132E-01  0.1382E-01
  30.01714  0.1396E+00  0.5162E-02  0.8443E-01  0.4998E-01
  30.08571  0.2225E+00  0.7245E-02  0.1405E+00  0.7474E-01
  30.15429  0.1930E+00  0.3971E-02  0.1232E+00  0.6583E-01
  30.22286  0.1858E+00  0.8677E-03  0.1084E+00  0.7652E-01
  30.29143  0.2119E+00  0.4878E-03  0.1227E+00  0.8869E-01
  30.36000  0.2307E+00  0.3799E-02  0.1417E+00  0.8509E-01
  30.42857  0.2493E+00  0.1352E-01  0.1324E+00  0.1032E+00
  30.49714  0.2070E+00  0.1923E-01  0.8382E-01  0.1038E+00
  30.56571  0.1122E+00  0.1524E-01  0.3716E-01  0.5974E-01
  30.63429  0.1207E+00  0.2343E-01  0.4554E-01  0.5170E-01
  30.70286  0.2266E+00  0.3763E-01  0.1115E+00  0.7748E-01
  30.77143  0.2587E+00  0.3455E-01  0.1520E+00  0.7218E-01
  30.84000  0.2046E+00  0.2404E-01  0.1144E+00  0.6613E-01
  30.90857  0.1917E+00  0.1361E-01  0.6441E-01  0.1136E+00
  30.97714  0.2092E+00  0.1068E-01  0.4382E-01  0.1546E+00
  31.04571  0.2001E+00  0.2643E-01  0.3720E-01  0.1365E+00
  31.11429  0.2574E+00  0.5817E-01  0.4884E-01  0.1509E+00
  31.18286  0.2902E+00  0.7280E-01  0.6073E-01  0.1571E+00
  31.25143  0.4216E+00  0.1042E+00  0.1167E+00  0.2010E+00
  31.32000  0.6746E+00  0.1473E+00  0.2250E+00  0.3026E+00
  31.38857  0.6348E+00  0.1125E+00  0.2424E+00  0.2801E+00
  31.45714  0.4342E+00  0.5018E-01  0.1760E+00  0.2083E+00
  31.52571  0.2675E+00  0.1916E-01  0.9548E-01  0.1532E+00
  31.59429  0.1170E+00  0.5944E-02  0.3386E-01  0.7740E-01
  31.66286  0.1080E+00  0.1626E-02  0.2894E-01  0.7742E-01
  31.73143  0.2097E+00  0.1584E-02  0.5715E-01  0.1510E+00
  31.80000  0.1909E+00  0.1372E-02  0.5203E-01  0.1374E+00
  31.86857  0.8606E-01  0.4856E-03  0.2289E-01  0.6268E-01
  31.93714  0.8890E-01  0.6722E-04  0.2177E-01  0.6706E-01
  32.00571  0.1305E+00  0.3634E-05  0.3154E-01  0.9892E-01
  32.07429  0.8284E-01  0.8142E-07  0.2002E-01  0.6282E-01
  32.14286  0.2077E-01  0.6299E-06  0.5093E-02  0.1568E-01
  32.21143  0.5376E-02  0.3273E-04  0.2765E-02  0.2579E-02
  32.28000  0.3183E-01  0.6652E-03  0.1946E-01  0.1170E-01
  32.34857  0.1451E+00  0.5288E-02  0.7535E-01  0.6442E-01
  32.41714  0.3470E+00  0.1664E-01  0.1519E+00  0.1784E+00
  32.48571  0.4501E+00  0.2276E-01  0.1795E+00  0.2477E+00
  32.55429  0.4399E+00  0.2560E-01  0.1648E+00  0.2491E+00
  32.62286  0.5791E+00  0.4587E-01  0.2003E+00  0.3325E+00
  32.69143  0.5772E+00  0.5341E-01  0.1922E+00  0.3313E+00
  32.76000  0.2931E+00  0.3135E-01  0.8857E-01  0.1730E+00
  32.82857  0.1531E+00  0.2082E-01  0.2972E-01  0.1025E+00
  32.89714  0.1171E+00  0.1720E-01  0.1710E-01  0.8278E-01
  32.96571  0.4882E-01  0.7217E-02  0.7343E-02  0.3425E-01
  33.03429  0.2986E-01  0.4460E-02  0.9834E-02  0.1551E-01
  33.10286  0.1139E+00  0.1707E-01  0.4469E-01  0.5187E-01
  33.17143  0.2258E+00  0.3384E-01  0.8882E-01  0.1026E+00
  33.24000  0.1803E+00  0.2696E-01  0.7034E-01  0.8257E-01
  33.30857  0.9111E-01  0.1316E-01  0.3145E-01  0.4621E-01
  33.37714  0.1158E+00  0.1586E-01  0.3285E-01  0.6664E-01
  33.44571  0.1281E+00  0.1675E-01  0.3492E-01  0.7587E-01
  33.51429  0.7491E-01  0.7304E-02  0.1821E-01  0.4917E-01
  33.58286  0.4155E-01  0.1247E-02  0.8212E-02  0.3206E-01
  33.65143  0.2865E-01  0.8313E-04  0.8893E-02  0.1968E-01
  33.72000  0.4681E-01  0.2164E-05  0.1846E-01  0.2841E-01
  33.78857  0.9117E-01  0.2576E-07  0.2645E-01  0.6487E-01
  33.85714  0.9608E-01  0.4795E-06  0.2614E-01  0.7010E-01
  33.92571  0.4816E-01  0.2381E-04  0.1678E-01  0.3143E-01
  33.99429  0.1348E-01  0.4619E-03  0.6046E-02  0.6988E-02
  34.06286  0.2236E-01  0.3498E-02  0.9098E-02  0.9761E-02
  34.13143  0.7804E-01  0.1034E-01  0.3638E-01  0.3125E-01
  34.20000  0.1384E+00  0.1194E-01  0.7830E-01  0.4800E-01
  34.26857  0.1230E+00  0.5384E-02  0.8076E-01  0.3657E-01
  34.33714  0.5140E-01  0.9505E-03  0.3656E-01  0.1377E-01
  34.40571  0.1259E-01  0.1692E-03  0.8863E-02  0.3555E-02
  34.47429  0.3636E-01  0.1542E-02  0.1802E-01  0.1688E-01
  34.54286  0.1768E+00  0.8975E-02  0.7567E-01  0.9234E-01
  34.61143  0.3759E+00  0.2064E-01  0.1509E+00  0.2044E+00
  34.68000  0.3466E+00  0.1905E-01  0.1315E+00  0.1961E+00
  34.74857  0.1902E+00  0.7815E-02  0.6151E-01  0.1209E+00
  34.81714  0.1008E+00  0.2149E-02  0.2650E-01  0.7217E-01
  34.88571  0.3547E-01  0.5383E-03  0.8741E-02  0.2619E-01
  34.95429  0.5438E-02  0.7709E-04  0.1327E-02  0.4034E-02
  35.02286  0.3318E-03  0.4656E-05  0.8078E-04  0.2464E-03
  35.09143  0.7303E-04  0.1185E-05  0.1310E-04  0.5875E-04
  35.16000  0.1469E-02  0.2978E-04  0.2659E-03  0.1173E-02
  35.22857  0.1372E-01  0.3667E-03  0.2705E-02  0.1065E-01
  35.29714  0.5503E-01  0.1987E-02  0.1214E-01  0.4091E-01
  35.36571  0.9773E-01  0.4592E-02  0.2432E-01  0.6883E-01
  35.43429  0.8104E-01  0.4375E-02  0.2370E-01  0.5296E-01
  35.50286  0.5770E-01  0.1678E-02  0.2763E-01  0.2840E-01
  35.57143  0.9210E-01  0.2551E-03  0.5713E-01  0.3471E-01
  35.64000  0.9666E-01  0.1527E-04  0.6119E-01  0.3545E-01
  35.70857  0.4109E-01  0.3581E-06  0.2604E-01  0.1505E-01
  35.77714  0.6841E-02  0.3286E-08  0.4333E-02  0.2508E-02
  35.84571  0.6485E-03  0.1179E-10  0.3023E-03  0.3462E-03
  35.91429  0.3610E-02  0.1651E-13  0.3709E-03  0.3240E-02
  35.98286  0.2657E-01  0.9034E-17  0.2731E-02  0.2384E-01
  36.05143  0.8899E-01  0.1937E-20  0.1012E-01  0.7888E-01
  36.12000  0.1493E+00  0.5211E-19  0.2101E-01  0.1283E+00
  36.18857  0.1294E+00  0.1470E-15  0.2324E-01  0.1062E+00
  36.25714  0.5381E-01  0.1620E-12  0.1185E-01  0.4196E-01
  36.32571  0.9808E-02  0.6971E-10  0.2543E-02  0.7265E-02
  36.39429  0.7442E-03  0.1171E-07  0.2222E-03  0.5219E-03
  36.46286  0.3934E-04  0.7683E-06  0.1052E-04  0.2805E-04
  36.53143  0.4196E-03  0.1968E-04  0.6974E-04  0.3302E-03
  36.60000  0.4194E-02  0.1968E-03  0.6964E-03  0.3300E-02
  36.66857  0.1638E-01  0.7686E-03  0.2720E-02  0.1289E-01
  36.73714  0.2497E-01  0.1172E-02  0.4147E-02  0.1965E-01
  36.80571  0.1489E-01  0.6979E-03  0.2475E-02  0.1172E-01
  36.87429  0.4220E-02  0.1622E-03  0.7744E-03  0.3285E-02
  36.94286  0.1111E-01  0.1473E-04  0.2888E-02  0.8234E-02
  37.01143  0.5971E-01  0.5221E-06  0.1567E-01  0.4416E-01
  37.08000  0.1289E+00  0.7227E-08  0.3383E-01  0.9529E-01
  37.14857  0.1086E+00  0.1429E-09  0.2851E-01  0.8030E-01
  37.21714  0.3574E-01  0.1264E-07  0.9384E-02  0.2643E-01
  37.28571  0.4805E-02  0.6002E-06  0.1314E-02  0.3500E-02
  37.35429  0.4193E-02  0.1113E-04  0.2075E-02  0.2107E-02
  37.42286  0.2870E-01  0.8061E-04  0.1459E-01  0.1403E-01
  37.49143  0.8115E-01  0.2279E-03  0.4126E-01  0.3966E-01
  37.56000  0.8960E-01  0.2517E-03  0.4556E-01  0.4379E-01
  37.62857  0.3863E-01  0.1085E-03  0.1964E-01  0.1888E-01
  37.69714  0.6503E-02  0.1827E-04  0.3306E-02  0.3179E-02
  37.76571  0.4275E-03  0.1201E-05  0.2173E-03  0.2089E-03
  37.83429  0.1097E-04  0.3082E-07  0.5578E-05  0.5363E-05
  37.90286  0.1100E-06  0.3089E-09  0.5591E-07  0.5374E-07
  37.97143  0.4303E-09  0.1209E-11  0.2188E-09  0.2103E-09
  38.04000  0.6575E-12  0.1847E-14  0.3343E-12  0.3214E-12
  38.10857  0.3934E-15  0.1102E-17  0.1995E-15  0.1928E-15
  38.17714  0.2593E-14  0.2580E-21  0.4655E-19  0.2593E-14
  38.24571  0.2393E-11  0.9758E-20  0.5759E-18  0.2393E-11
  38.31429  0.8625E-09  0.2819E-16  0.1664E-14  0.8625E-09
  38.38286  0.1214E-06  0.3179E-13  0.1877E-11  0.1214E-06
  38.45143  0.6671E-05  0.1400E-10  0.8266E-09  0.6670E-05
  38.52000  0.1435E-03  0.2408E-08  0.1422E-06  0.1434E-03
  38.58857  0.1227E-02  0.1617E-06  0.9553E-05  0.1218E-02
  38.65714  0.4677E-02  0.4238E-05  0.2507E-03  0.4422E-02
  38.72571  0.1275E-01  0.4339E-04  0.2570E-02  0.1014E-01
  38.79429  0.3349E-01  0.1734E-03  0.1029E-01  0.2303E-01
  38.86286  0.4896E-01  0.2707E-03  0.1612E-01  0.3260E-01
  38.93143  0.2968E-01  0.1650E-03  0.9870E-02  0.1966E-01
  39.00000  0.7089E-02  0.3926E-04  0.2366E-02  0.4691E-02
