  0.00000000   -8.22210070   0.00000
  0.01392282   -8.16458699   0.00300
  0.02784564   -7.99306611   0.01300
  0.04176845   -7.71127357   0.02900
  0.05569127   -7.32534364   0.05100
  0.06961409   -6.84464944   0.07700
  0.08353691   -6.28254268   0.10700
  0.09745973   -5.65803798   0.13800
  0.11138255   -4.99831445   0.16700
  0.12530536   -4.34152513   0.19000
  0.13922818   -3.73849356   0.20100
  0.15315100   -3.24644258   0.19300
  0.16707381   -2.90877592   0.16800
  0.18099663   -2.73140887   0.13300
  0.19491945   -2.68663630   0.09500
  0.20884227   -2.72589279   0.06100
  0.22276509   -2.80233956   0.03500
  0.23668790   -2.88087286   0.01500
  0.25061072   -2.93723605   0.00400
  0.26453354   -2.95752672   0.00000
  0.26453354   -2.95752672   0.00000
  0.27437846   -2.94616025   0.00100
  0.28422338   -2.91201231   0.00600
  0.29406830   -2.85505142   0.01300
  0.30391322   -2.77520091   0.02300
  0.31375814   -2.67236456   0.03500
  0.32360306   -2.57240969   0.01800
  0.33344798   -2.48982927   0.02400
  0.34329289   -2.43634731   0.03100
  0.35313781   -2.42905085   0.03700
  0.36298273   -2.47890729   0.04000
  0.37282765   -2.58463680   0.04000
  0.38267257   -2.73156156   0.03600
  0.39251749   -2.90085443   0.03000
  0.40236241   -3.07301288   0.02200
  0.41220733   -3.23112633   0.01500
  0.42205224   -3.36455367   0.00900
  0.43189716   -3.46482460   0.00400
  0.44174208   -3.52657418   0.00100
  0.45158700   -3.54760274   0.00000
  0.45158700   -3.54760274   0.00000
  0.45854841   -3.53690242   0.00100
  0.46550982   -3.50497837   0.00300
  0.47247123   -3.45237112   0.00700
  0.47943264   -3.37999533   0.01200
  0.48639404   -3.28915058   0.01800
  0.49335546   -3.18128295   0.02500
  0.50031686   -3.05905817   0.03400
  0.50727827   -2.92505506   0.04300
  0.51423968   -2.78161055   0.05300
  0.52120109   -2.63244266   0.06300
  0.52816250   -2.48168657   0.07400
  0.53512391   -2.33298521   0.08400
  0.54208532   -2.19107239   0.09400
  0.54904673   -2.05977492   0.10300
  0.55600814   -1.94527124   0.11100
  0.56296955   -1.85102252   0.11700
  0.56993095   -1.78113540   0.10100
  0.57689237   -1.75708076   0.11300
  0.58385377   -1.72234288   0.12600
  0.58385377   -1.72234288   0.12600
  0.59591128   -1.75622397   0.11300
  0.60796880   -1.77472301   0.09900
  0.62002631   -1.80220729   0.19400
  0.63208383   -2.03029049   0.20900
  0.64414134   -2.37334776   0.21700
  0.65619886   -2.81983747   0.21700
  0.66825637   -3.34520124   0.20900
  0.68031389   -3.92220809   0.19500
  0.69237140   -4.52329229   0.17600
  0.70442892   -5.12419233   0.15400
  0.71648642   -5.70471156   0.12900
  0.72854394   -6.24897691   0.10400
  0.74060145   -6.74382244   0.08000
  0.75265897   -7.17885958   0.05800
  0.76471648   -7.54576790   0.03800
  0.77677400   -7.83787931   0.02200
  0.78883151   -8.05011623   0.01000
  0.80088903   -8.17896206   0.00300
  0.81294654   -8.22210070   0.00000
  0.81294654   -8.22210070   0.00000
  0.82279146   -8.19333722   0.00100
  0.83263638   -8.10721116   0.00700
  0.84248130   -7.96485345   0.01500
  0.85232622   -7.76778927   0.02600
  0.86217114   -7.51858015   0.04000
  0.87201605   -7.22049468   0.05600
  0.88186097   -6.87817267   0.07300
  0.89170589   -6.49778108   0.09100
  0.90155081   -6.08774073   0.10800
  0.91139573   -5.65910347   0.12100
  0.92124065   -5.22713400   0.13000
  0.93108557   -4.81149242   0.12900
  0.94093048   -4.43552209   0.11700
  0.95077540   -4.12139573   0.09500
  0.96062032   -3.88279090   0.06600
  0.97046524   -3.71892557   0.03800
  0.98031016   -3.61781884   0.01700
  0.99015508   -3.56444443   0.00400
  1.00000000   -3.54760275   0.00000
  1.00000000   -1.52831710   0.00000
  0.99015508   -1.52025953   0.00000
  0.98031016   -1.49624184   0.00000
  0.97046524   -1.45676952   0.00000
  0.96062032   -1.40267870   0.00000
  0.95077540   -1.33493625   0.00000
  0.94093048   -1.25545581   0.00000
  0.93108557   -1.16578338   0.00000
  0.92124065   -1.06801834   0.00000
  0.91139573   -0.96456562   0.00000
  0.90155081   -0.85804785   0.00000
  0.89170589   -0.75128644   0.00000
  0.88186097   -0.64724821   0.00000
  0.87201605   -0.55321467   0.00000
  0.86217114   -0.46418925   0.00000
  0.85232622   -0.38668991   0.00000
  0.84248130   -0.32583074   0.00000
  0.83263638   -0.27953749   0.00000
  0.82279146   -0.25185029   0.00000
  0.81294654   -0.24222358   0.00000
  0.81294654   -0.24222358   0.00000
  0.80088903   -0.25268282   0.00000
  0.78883151   -0.28138311   0.00000
  0.77677400   -0.33799456   0.00100
  0.76471648   -0.41729129   0.00200
  0.75265897   -0.52470927   0.00400
  0.74060145   -0.65481432   0.00600
  0.72854394   -0.80219545   0.00900
  0.71648642   -0.95930750   0.01200
  0.70442892   -1.11797460   0.01700
  0.69237140   -1.27010041   0.02300
  0.68031389   -1.40896976   0.03100
  0.66825637   -1.52922602   0.03900
  0.65619886   -1.62904221   0.04900
  0.64414134   -1.70142701   0.06000
  0.63208383   -1.75021242   0.07300
  0.62002631   -1.77437259   0.08500
  0.60796880   -1.77472301   0.09900
  0.59591128   -1.75622397   0.11300
  0.58385377   -1.72234286   0.12600
  0.58385377   -1.72234287   0.12600
  0.57689237   -1.73695603   0.12500
  0.56993095   -1.78030298   0.12200
  0.56296955   -1.79760891   0.09000
  0.55600814   -1.80307265   0.07900
  0.54904673   -1.80037721   0.06900
  0.54208532   -1.79130891   0.06000
  0.53512391   -1.77543951   0.05100
  0.52816250   -1.75462359   0.04300
  0.52120109   -1.73002620   0.03500
  0.51423968   -1.70286403   0.02900
  0.50727827   -1.67435863   0.02300
  0.50031686   -1.64334940   0.01700
  0.49335546   -1.61609119   0.01300
  0.48639404   -1.59237716   0.00900
  0.47943264   -1.57053891   0.00600
  0.47247123   -1.55261425   0.00300
  0.46550982   -1.53929785   0.00100
  0.45854841   -1.53109414   0.00000
  0.45158700   -1.52831711   0.00000
  0.45158700   -1.52831709   0.00000
  0.44174208   -1.50910040   0.00000
  0.43189716   -1.45161386   0.00200
  0.42205224   -1.35641371   0.00400
  0.41220733   -1.22412531   0.00700
  0.40236241   -1.05750299   0.01100
  0.39251749   -1.02842882   0.22200
  0.38267257   -1.31074405   0.19000
  0.37282765   -1.57256052   0.16100
  0.36298273   -1.81146044   0.13400
  0.35313781   -2.02932135   0.11000
  0.34329289   -2.22526351   0.08800
  0.33344798   -2.39736613   0.06800
  0.32360306   -2.54633037   0.05000
  0.31375814   -2.66731906   0.01200
  0.30391322   -2.76058020   0.00800
  0.29406830   -2.84209917   0.00400
  0.28422338   -2.90480956   0.00200
  0.27437846   -2.94414380   0.00000
  0.26453354   -2.95752672   0.00000
  0.26453354   -2.95752672   0.00000
  0.25061072   -2.92858413   0.00000
  0.23668790   -2.84228857   0.00000
  0.22276509   -2.70027204   0.00000
  0.20884227   -2.50530168   0.00000
  0.19491945   -2.26126756   0.00000
  0.18099663   -1.97342851   0.00000
  0.16707381   -1.64735433   0.00000
  0.15315100   -1.29268617   0.00000
  0.13922818   -0.91734923   0.00000
  0.12530536   -0.53147343   0.00000
  0.11138255   -0.14607930   0.00000
  0.09745973   -0.16679380   0.01900
  0.08353691   -0.22246652   0.01400
  0.06961409   -0.25080292   0.01000
  0.05569127   -0.25900280   0.00700
  0.04176845   -0.25603540   0.00400
  0.02784564   -0.24598791   0.00200
  0.01392282   -0.24508794   0.00000
  0.00000000   -0.24222358   0.00000
  0.00000000   -0.24222358   0.00000
  0.01392282   -0.24488335   0.00000
  0.02784564   -0.24581288   0.00200
  0.04176845   -0.25585793   0.00400
  0.05569127   -0.25883467   0.00700
  0.06961409   -0.25063215   0.01000
  0.08353691   -0.22229280   0.01400
  0.09745973   -0.16661652   0.01900
  0.11138255   -0.07730366   0.02400
  0.12530536    0.05110068   0.02900
  0.13922818    0.22264043   0.03400
  0.15315100    0.43535861   0.03800
  0.16707381    0.68969501   0.04100
  0.18099663    0.97801879   0.04200
  0.19491945    1.29444817   0.03900
  0.20884227    1.61929108   0.03400
  0.22276509    1.93259292   0.02500
  0.23668790    2.20044058   0.01400
  0.25061072    2.38444652   0.00400
  0.26453354    2.45052856   0.00000
  0.26453354    2.45052856   0.00000
  0.27437846    2.40555445   0.00200
  0.28422338    2.27555032   0.00700
  0.29406830    2.07327109   0.01400
  0.30391322    1.81556587   0.02100
  0.31375814    1.51967469   0.02700
  0.32360306    1.20095452   0.03000
  0.33344798    0.87228531   0.03200
  0.34329289    0.54403312   0.03200
  0.35313781    0.22609221   0.03000
  0.36298273   -0.07849432   0.02700
  0.37282765   -0.36607532   0.02300
  0.38267257   -0.62328650   0.01900
  0.39251749   -0.85493141   0.01500
  0.40236241   -0.72939173   0.25700
  0.41220733   -0.41248354   0.30000
  0.42205224   -0.08777196   0.35100
  0.43189716    0.23062478   0.41900
  0.44174208    0.50155142   0.50700
  0.45158700    0.62191589   0.56700
  0.45158700    0.62191589   0.56700
  0.45854841    0.58564861   0.55300
  0.46550982    0.48581376   0.51900
  0.47247123    0.34198077   0.47800
  0.47943264    0.17297407   0.43800
  0.48639404   -0.00763823   0.40200
  0.49335546   -0.19106433   0.37000
  0.50031686   -0.37173836   0.34200
  0.50727827   -0.54660874   0.31600
  0.51423968   -0.71247115   0.29300
  0.52120109   -0.86814690   0.27200
  0.52816250   -1.01271186   0.25200
  0.53512391   -1.14527089   0.23300
  0.54208532   -1.26545285   0.21600
  0.54904673   -1.37240219   0.19900
  0.55600814   -1.46732827   0.18300
  0.56296955   -1.54962144   0.16800
  0.56993095   -1.61834444   0.15300
  0.57689237   -1.67621545   0.13900
  0.58385377   -1.72221525   0.12600
  0.58385377   -1.72221524   0.12600
  0.59591128   -1.66793218   0.15100
  0.60796880   -1.68699367   0.17500
  0.62002631   -1.77437256   0.08500
  0.63208383   -1.75021242   0.07300
  0.64414134   -1.70142700   0.06000
  0.65619886   -1.62904221   0.04900
  0.66825637   -1.52922598   0.03900
  0.68031389   -1.40896976   0.03100
  0.69237140   -1.27010040   0.02300
  0.70442892   -1.11797460   0.01700
  0.71648642   -0.95930749   0.01200
  0.72854394   -0.80219545   0.00900
  0.74060145   -0.65481432   0.00600
  0.75265897   -0.52470927   0.00400
  0.76471648   -0.41729129   0.00200
  0.77677400   -0.33799456   0.00100
  0.78883151   -0.28138311   0.00000
  0.80088903   -0.25268282   0.00000
  0.81294654   -0.24222358   0.00000
  0.81294654   -0.24222358   0.00000
  0.82279146   -0.24366250   0.00000
  0.83263638   -0.24542967   0.00100
  0.84248130   -0.25702291   0.00200
  0.85232622   -0.27629592   0.00400
  0.86217114   -0.30732997   0.00700
  0.87201605   -0.35183787   0.01100
  0.88186097   -0.40796201   0.01700
  0.89170589   -0.47686849   0.02700
  0.90155081   -0.54807741   0.04000
  0.91139573   -0.60933181   0.06000
  0.92124065   -0.64415883   0.08900
  0.93108557   -0.63515433   0.13100
  0.94093048   -0.56424960   0.18700
  0.95077540   -0.41543700   0.25800
  0.96062032   -0.19346541   0.33800
  0.97046524    0.07645926   0.41900
  0.98031016    0.34405933   0.49100
  0.99015508    0.54585625   0.54500
  1.00000000    0.62191589   0.56700
  1.00000000    1.57090391   0.00000
  0.99015508    1.57110320   0.00300
  0.98031016    1.56734903   0.00600
  0.97046524    1.55402449   0.00700
  0.96062032    1.53046890   0.00600
  0.95077540    1.49935557   0.00400
  0.94093048    1.46348822   0.00300
  0.93108557    1.42715049   0.00200
  0.92124065    1.39449907   0.00100
  0.91139573    1.22461009   0.01000
  0.90155081    0.98235754   0.01000
  0.89170589    0.75117615   0.00900
  0.88186097    0.53618105   0.00700
  0.87201605    0.34087814   0.00600
  0.86217114    0.17080340   0.00400
  0.85232622    0.02809784   0.00300
  0.84248130   -0.08602083   0.00200
  0.83263638   -0.17171261   0.00100
  0.82279146   -0.22517781   0.00000
  0.81294654   -0.24191441   0.00000
  0.81294654   -0.24191441   0.00000
  0.80088903   -0.21256847   0.00000
  0.78883151   -0.12118907   0.00200
  0.77677400    0.02214453   0.00400
  0.76471648    0.22187247   0.00700
  0.75265897    0.47316854   0.01000
  0.74060145    0.77382477   0.01500
  0.72854394    1.12026175   0.02100
  0.71648642    1.51057836   0.02900
  0.70442892    1.63477613   0.00000
  0.69237140    1.67737347   0.00000
  0.68031389    1.72474972   0.00000
  0.66825637    1.77376595   0.00000
  0.65619886    1.81872982   0.00000
  0.64414134    1.86926175   0.00000
  0.63208383    1.90712241   0.00000
  0.62002631    1.93853906   0.00000
  0.60796880    1.96254231   0.00000
  0.59591128    1.98269471   0.00000
  0.58385377    1.98775903   0.00000
  0.58385377    1.98775903   0.00000
  0.57689237    1.98453756   0.00000
  0.56993095    1.97506001   0.00000
  0.56296955    1.95188609   0.00000
  0.55600814    1.93025724   0.00000
  0.54904673    1.90434458   0.00000
  0.54208532    1.87275460   0.00000
  0.53512391    1.84091920   0.00000
  0.52816250    1.80776829   0.00000
  0.52120109    1.77740577   0.00000
  0.51423968    1.74358482   0.00000
  0.50727827    1.71122963   0.00000
  0.50031686    1.68149264   0.00000
  0.49335546    1.65399834   0.00000
  0.48639404    1.62911470   0.00000
  0.47943264    1.60866809   0.00000
  0.47247123    1.59236717   0.00000
  0.46550982    1.58051518   0.00000
  0.45854841    1.57331842   0.00000
  0.45158700    1.57090391   0.00000
  0.45158700    1.57090392   0.00000
  0.44174208    1.54925516   0.00000
  0.43189716    1.48621311   0.00000
  0.42205224    1.38736097   0.00000
  0.41220733    1.26403893   0.00000
  0.40236241    1.11953022   0.00000
  0.39251749    0.98126864   0.00100
  0.38267257    0.86467217   0.00300
  0.37282765    0.79210354   0.00700
  0.36298273    0.78816663   0.01300
  0.35313781    0.86007621   0.02000
  0.34329289    1.00880464   0.02700
  0.33344798    1.21823184   0.03200
  0.32360306    1.46343293   0.03300
  0.31375814    1.71498611   0.03000
  0.30391322    1.95480823   0.02300
  0.29406830    2.16100794   0.01500
  0.28422338    2.31861188   0.00800
  0.27437846    2.41718041   0.00200
  0.26453354    2.45052856   0.00000
  0.26453354    2.45052857   0.00000
  0.25061072    2.38480683   0.00400
  0.23668790    2.20078171   0.01400
  0.22276509    1.93290790   0.02500
  0.20884227    1.61957905   0.03400
  0.19491945    1.29470549   0.03900
  0.18099663    0.97825559   0.04200
  0.16707381    0.68990699   0.04100
  0.15315100    0.43555697   0.03800
  0.13922818    0.22282748   0.03400
  0.12530536    0.05128818   0.02900
  0.11138255   -0.07712189   0.02400
  0.09745973    0.22737086   0.00000
  0.08353691    0.34753228   0.00000
  0.06961409    0.17886059   0.00000
  0.05569127    0.03542391   0.00000
  0.04176845   -0.08695464   0.00000
  0.02784564   -0.17141191   0.00000
  0.01392282   -0.22474087   0.00000
  0.00000000   -0.24191441   0.00000
  0.00000000    1.67394514   0.00000
  0.01392282    1.64092263   0.00000
  0.02784564    1.54678833   0.00000
  0.04176845    1.38454703   0.00000
  0.05569127    1.16580640   0.00000
  0.06961409    0.89349142   0.00000
  0.08353691    0.57749559   0.00000
  0.09745973    0.53725118   0.00000
  0.11138255    0.74321615   0.00000
  0.12530536    0.96007664   0.00000
  0.13922818    1.18391889   0.00000
  0.15315100    1.40422795   0.00000
  0.16707381    1.61742400   0.00000
  0.18099663    1.81734468   0.00000
  0.19491945    1.99804209   0.00000
  0.20884227    2.15410323   0.00000
  0.22276509    2.28079561   0.00000
  0.23668790    2.37420005   0.00000
  0.25061072    2.43142062   0.00000
  0.26453354    2.45108282   0.00000
  0.26453354    2.45108281   0.00000
  0.27437846    2.45293000   0.00000
  0.28422338    2.45897295   0.00000
  0.29406830    2.46887708   0.00000
  0.30391322    2.48238216   0.00000
  0.31375814    2.49913776   0.00000
  0.32360306    2.51871142   0.00000
  0.33344798    2.54058074   0.00000
  0.34329289    2.56417138   0.00000
  0.35313781    2.59119764   0.00000
  0.36298273    2.61587924   0.00000
  0.37282765    2.64002323   0.00000
  0.38267257    2.66631353   0.00000
  0.39251749    2.68799028   0.00000
  0.40236241    2.70636240   0.00000
  0.41220733    2.72333006   0.00000
  0.42205224    2.73674889   0.00000
  0.43189716    2.39935533   0.14600
  0.44174208    2.07305821   0.05900
  0.45158700    1.93350346   0.00000
  0.45158700    1.93350345   0.00000
  0.45854841    1.93383862   0.00000
  0.46550982    1.93483715   0.00000
  0.47247123    1.93648295   0.00000
  0.47943264    1.93873994   0.00000
  0.48639404    1.94154155   0.00000
  0.49335546    1.94481904   0.00000
  0.50031686    1.94849567   0.00000
  0.50727827    1.95120421   0.00000
  0.51423968    1.95515144   0.00000
  0.52120109    1.95917842   0.00000
  0.52816250    1.96317639   0.00000
  0.53512391    1.96704170   0.00000
  0.54208532    1.97068270   0.00000
  0.54904673    1.97998680   0.00000
  0.55600814    1.98242541   0.00000
  0.56296955    1.98442240   0.00000
  0.56993095    1.98663699   0.00000
  0.57689237    1.98747596   0.00000
  0.58385377    1.98775904   0.00000
  0.58385377    1.98775905   0.00000
  0.59591128    1.98269472   0.00000
  0.60796880    1.96254231   0.00000
  0.62002631    1.93853907   0.00000
  0.63208383    1.90712241   0.00000
  0.64414134    1.86926175   0.00000
  0.65619886    1.81872983   0.00000
  0.66825637    1.77376597   0.00000
  0.68031389    1.72474972   0.00000
  0.69237140    1.67737347   0.00000
  0.70442892    1.63477614   0.00000
  0.71648642    1.60324575   0.00000
  0.72854394    1.57994371   0.00000
  0.74060145    1.57094491   0.00000
  0.75265897    1.57701691   0.00000
  0.76471648    1.59622936   0.00000
  0.77677400    1.62135261   0.00000
  0.78883151    1.64937500   0.00000
  0.80088903    1.66656076   0.00000
  0.81294654    1.67394514   0.00000
  0.81294654    1.67394514   0.00000
  0.82279146    1.66326367   0.00000
  0.83263638    1.63371609   0.00000
  0.84248130    1.58820469   0.00000
  0.85232622    1.53135417   0.00000
  0.86217114    1.47259919   0.00000
  0.87201605    1.42019232   0.00000
  0.88186097    1.38511423   0.00000
  0.89170589    1.36301132   0.00000
  0.90155081    1.35778895   0.00000
  0.91139573    1.36976028   0.00000
  0.92124065    1.47440927   0.01000
  0.93108557    1.71977569   0.00900
  0.94093048    1.84710371   0.00000
  0.95077540    1.87130974   0.00000
  0.96062032    1.88771390   0.00000
  0.97046524    1.90568406   0.00000
  0.98031016    1.91949318   0.00000
  0.99015508    1.92834993   0.00000
  1.00000000    1.93350345   0.00000
  1.00000000    2.75476001   0.00000
  0.99015508    2.72912209   0.00000
  0.98031016    2.65361204   0.00100
  0.97046524    2.53202309   0.00300
  0.96062032    2.37020401   0.00500
  0.95077540    2.17631742   0.00700
  0.94093048    1.95638826   0.00800
  0.93108557    1.82235676   0.00000
  0.92124065    1.79811128   0.00000
  0.91139573    1.77524629   0.00000
  0.90155081    1.75450899   0.00000
  0.89170589    1.73981471   0.00000
  0.88186097    1.72380418   0.00000
  0.87201605    1.70850161   0.00000
  0.86217114    1.69847508   0.00000
  0.85232622    1.69113211   0.00000
  0.84248130    1.68329328   0.00000
  0.83263638    1.67988413   0.00000
  0.82279146    1.67465444   0.00000
  0.81294654    1.67394514   0.00000
  0.81294654    1.67394514   0.00000
  0.80088903    1.66656076   0.00000
  0.78883151    1.64937500   0.00000
  0.77677400    1.62135261   0.00000
  0.76471648    1.59622936   0.00000
  0.75265897    1.57701691   0.00000
  0.74060145    1.57094491   0.00000
  0.72854394    1.57994372   0.00000
  0.71648642    1.60324577   0.00000
  0.70442892    1.93906833   0.03800
  0.69237140    2.40737545   0.05000
  0.68031389    2.91810338   0.06400
  0.66825637    3.47824754   0.08200
  0.65619886    4.09628123   0.10500
  0.64414134    4.79913904   0.13300
  0.63208383    5.58367338   0.16500
  0.62002631    6.00000000   0.20000
  0.60796880    6.00000000   0.23600
  0.59591128    6.00000000   0.27300
  0.58385377    6.00000000   0.29600
  0.58385377    6.00000000   0.29600
  0.57689237    6.00000000   0.29600
  0.56993095    6.00000000   0.29500
  0.56296955    6.00000000   0.29300
  0.55600814    6.00000000   0.29000
  0.54904673    6.00000000   0.28500
  0.54208532    6.00000000   0.27900
  0.53512391    6.00000000   0.27100
  0.52816250    5.90928726   0.26200
  0.52120109    5.50284646   0.25100
  0.51423968    5.10900208   0.23800
  0.50727827    4.72958659   0.22200
  0.50031686    4.36878375   0.20300
  0.49335546    4.02378823   0.18000
  0.48639404    3.70116483   0.15300
  0.47943264    3.40655504   0.12100
  0.47247123    3.14881241   0.08500
  0.46550982    2.94158336   0.04600
  0.45854841    2.80371018   0.01300
  0.45158700    2.75476001   0.00000
  0.45158700    2.75476002   0.00000
  0.44174208    2.75271561   0.00000
  0.43189716    2.74664553   0.00000
  0.42205224    2.81311795   0.21100
  0.41220733    3.27076286   0.25900
  0.40236241    3.75245539   0.29800
  0.39251749    4.26103407   0.32900
  0.38267257    4.78092159   0.35700
  0.37282765    5.31250124   0.38100
  0.36298273    5.85644404   0.40400
  0.35313781    6.00000000   0.42500
  0.34329289    6.00000000   0.44600
  0.33344798    6.00000000   0.46700
  0.32360306    6.00000000   0.48800
  0.31375814    6.00000000   0.51100
  0.30391322    6.00000000   0.53500
  0.29406830    6.00000000   0.56100
  0.28422338    6.00000000   0.58700
  0.27437846    6.00000000   0.60700
  0.26453354    6.00000000   0.61500
  0.26453354    6.00000000   0.61500
  0.25061072    6.00000000   0.57900
  0.23668790    6.00000000   0.50600
  0.22276509    6.00000000   0.43200
  0.20884227    6.00000000   0.36000
  0.19491945    5.52700882   0.28900
  0.18099663    4.54431724   0.21700
  0.16707381    3.73433929   0.14800
  0.15315100    3.13332747   0.09000
  0.13922818    2.72378739   0.04900
  0.12530536    2.46553243   0.02400
  0.11138255    2.28746118   0.01100
  0.09745973    2.15646517   0.00500
  0.08353691    2.04753521   0.00200
  0.06961409    1.95000600   0.00100
  0.05569127    1.86233183   0.00000
  0.04176845    1.78630957   0.00000
  0.02784564    1.72799631   0.00000
  0.01392282    1.68678072   0.00000
  0.00000000    1.67394514   0.00000
  0.00000000    6.00000000   0.00000
  0.01392282    6.00000000   0.00000
  0.02784564    6.00000000   0.00000
  0.04176845    6.00000000   0.00000
  0.05569127    6.00000000   0.00000
  0.06961409    6.00000000   0.00000
  0.08353691    6.00000000   0.00000
  0.09745973    6.00000000   0.00000
  0.11138255    6.00000000   0.00000
  0.12530536    6.00000000   0.00000
  0.13922818    6.00000000   0.42800
  0.15315100    6.00000000   0.45700
  0.16707381    6.00000000   0.48300
  0.18099663    6.00000000   0.50700
  0.19491945    6.00000000   0.52900
  0.20884227    6.00000000   0.55200
  0.22276509    6.00000000   0.57400
  0.23668790    6.00000000   0.59400
  0.25061072    6.00000000   0.60900
  0.26453354    6.00000000   0.61500
  0.26453354    6.00000000   0.61500
  0.27437846    6.00000000   0.60000
  0.28422338    6.00000000   0.55800
  0.29406830    6.00000000   0.50000
  0.30391322    6.00000000   0.43300
  0.31375814    6.00000000   0.36700
  0.32360306    6.00000000   0.30400
  0.33344798    6.00000000   0.24800
  0.34329289    6.00000000   0.19900
  0.35313781    6.00000000   0.15700
  0.36298273    6.00000000   0.12200
  0.37282765    6.00000000   0.09400
  0.38267257    6.00000000   0.07000
  0.39251749    6.00000000   0.05000
  0.40236241    6.00000000   0.03400
  0.41220733    6.00000000   0.02200
  0.42205224    6.00000000   0.01200
  0.43189716    6.00000000   0.00500
  0.44174208    6.00000000   0.00100
  0.45158700    6.00000000   0.00000
  0.45158700    6.00000000   0.00000
  0.45854841    6.00000000   0.00000
  0.46550982    6.00000000   0.00200
  0.47247123    6.00000000   0.00400
  0.47943264    6.00000000   0.00800
  0.48639404    6.00000000   0.01200
  0.49335546    6.00000000   0.01800
  0.50031686    6.00000000   0.02500
  0.50727827    6.00000000   0.03400
  0.51423968    6.00000000   0.04500
  0.52120109    6.00000000   0.05800
  0.52816250    6.00000000   0.07300
  0.53512391    6.00000000   0.09200
  0.54208532    6.00000000   0.11400
  0.54904673    6.00000000   0.14100
  0.55600814    6.00000000   0.17200
  0.56296955    6.00000000   0.20800
  0.56993095    6.00000000   0.24700
  0.57689237    6.00000000   0.28200
  0.58385377    6.00000000   0.29600
  0.58385377    6.00000000   0.29600
  0.59591128    6.00000000   0.29500
  0.60796880    6.00000000   0.29300
  0.62002631    6.00000000   0.29000
  0.63208383    6.00000000   0.28400
  0.64414134    6.00000000   0.27700
  0.65619886    6.00000000   0.26700
  0.66825637    6.00000000   0.25500
  0.68031389    6.00000000   0.24000
  0.69237140    6.00000000   0.22300
  0.70442892    6.00000000   0.20300
  0.71648642    6.00000000   0.18000
  0.72854394    6.00000000   0.15300
  0.74060145    6.00000000   0.12400
  0.75265897    6.00000000   0.09200
  0.76471648    6.00000000   0.05900
  0.77677400    6.00000000   0.02900
  0.78883151    6.00000000   0.00900
  0.80088903    6.00000000   0.00100
  0.81294654    6.00000000   0.00000
  0.81294654    6.00000000   0.00000
  0.82279146    6.00000000   0.00000
  0.83263638    6.00000000   0.00500
  0.84248130    6.00000000   0.02000
  0.85232622    6.00000000   0.04500
  0.86217114    6.00000000   0.07700
  0.87201605    6.00000000   0.11100
  0.88186097    6.00000000   0.14300
  0.89170589    6.00000000   0.16900
  0.90155081    6.00000000   0.18800
  0.91139573    6.00000000   0.19800
  0.92124065    6.00000000   0.20000
  0.93108557    6.00000000   0.19300
  0.94093048    6.00000000   0.17800
  0.95077540    6.00000000   0.15300
  0.96062032    6.00000000   0.12100
  0.97046524    6.00000000   0.08300
  0.98031016    6.00000000   0.04300
  0.99015508    6.00000000   0.01200
  1.00000000    6.00000000   0.00000
  1.00000000    6.00000000   0.22800
  0.99015508    6.00000000   0.22800
  0.98031016    6.00000000   0.22600
  0.97046524    6.00000000   0.22300
  0.96062032    6.00000000   0.21800
  0.95077540    6.00000000   0.21200
  0.94093048    6.00000000   0.20500
  0.93108557    6.00000000   0.19500
  0.92124065    6.00000000   0.18300
  0.91139573    6.00000000   0.16800
  0.90155081    6.00000000   0.15000
  0.89170589    6.00000000   0.12900
  0.88186097    6.00000000   0.10400
  0.87201605    6.00000000   0.07700
  0.86217114    6.00000000   0.04900
  0.85232622    6.00000000   0.02500
  0.84248130    6.00000000   0.00900
  0.83263638    6.00000000   0.00200
  0.82279146    6.00000000   0.00000
  0.81294654    6.00000000   0.00000
  0.81294654    6.00000000   0.00000
  0.80088903    6.00000000   0.00100
  0.78883151    6.00000000   0.00900
  0.77677400    6.00000000   0.02900
  0.76471648    6.00000000   0.05900
  0.75265897    6.00000000   0.09200
  0.74060145    6.00000000   0.12400
  0.72854394    6.00000000   0.15300
  0.71648642    6.00000000   0.18000
  0.70442892    6.00000000   0.20300
  0.69237140    6.00000000   0.22300
  0.68031389    6.00000000   0.24000
  0.66825637    6.00000000   0.25500
  0.65619886    6.00000000   0.26700
  0.64414134    6.00000000   0.27700
  0.63208383    6.00000000   0.28400
  0.62002631    6.00000000   0.29000
  0.60796880    6.00000000   0.29300
  0.59591128    6.00000000   0.29500
  0.58385377    6.00000000   0.29600
  0.58385377    6.00000000   0.29600
  0.57689237    6.00000000   0.29500
  0.56993095    6.00000000   0.29300
  0.56296955    6.00000000   0.29100
  0.55600814    6.00000000   0.28700
  0.54904673    6.00000000   0.28300
  0.54208532    6.00000000   0.27800
  0.53512391    6.00000000   0.27200
  0.52816250    6.00000000   0.26600
  0.52120109    6.00000000   0.26000
  0.51423968    6.00000000   0.25300
  0.50727827    6.00000000   0.24700
  0.50031686    6.00000000   0.24100
  0.49335546    6.00000000   0.23600
  0.48639404    6.00000000   0.23100
  0.47943264    6.00000000   0.22800
  0.47247123    6.00000000   0.22700
  0.46550982    6.00000000   0.22700
  0.45854841    6.00000000   0.22800
  0.45158700    6.00000000   0.22800
  0.45158700    6.00000000   0.22800
  0.44174208    6.00000000   0.22300
  0.43189716    6.00000000   0.20700
  0.42205224    6.00000000   0.18400
  0.41220733    6.00000000   0.15500
  0.40236241    6.00000000   0.51000
  0.39251749    6.00000000   0.50700
  0.38267257    6.00000000   0.50800
  0.37282765    6.00000000   0.51100
  0.36298273    6.00000000   0.51700
  0.35313781    6.00000000   0.52400
  0.34329289    6.00000000   0.53300
  0.33344798    6.00000000   0.54300
  0.32360306    6.00000000   0.55400
  0.31375814    6.00000000   0.56600
  0.30391322    6.00000000   0.58000
  0.29406830    6.00000000   0.59200
  0.28422338    6.00000000   0.60400
  0.27437846    6.00000000   0.61200
  0.26453354    6.00000000   0.61500
  0.26453354    6.00000000   0.61500
  0.25061072    6.00000000   0.60900
  0.23668790    6.00000000   0.59400
  0.22276509    6.00000000   0.57400
  0.20884227    6.00000000   0.55200
  0.19491945    6.00000000   0.52900
  0.18099663    6.00000000   0.50700
  0.16707381    6.00000000   0.48300
  0.15315100    6.00000000   0.45700
  0.13922818    6.00000000   0.42800
  0.12530536    6.00000000   0.39400
  0.11138255    6.00000000   0.35400
  0.09745973    6.00000000   0.30500
  0.08353691    6.00000000   0.24500
  0.06961409    6.00000000   0.17200
  0.05569127    6.00000000   0.09500
  0.04176845    6.00000000   0.03500
  0.02784564    6.00000000   0.00700
  0.01392282    6.00000000   0.00000
  0.00000000    6.00000000   0.00000
  0.00000000    6.00000000   0.00000
  0.01392282    6.00000000   0.00000
  0.02784564    6.00000000   0.00700
  0.04176845    6.00000000   0.03500
  0.05569127    6.00000000   0.09500
  0.06961409    6.00000000   0.17200
  0.08353691    6.00000000   0.24500
  0.09745973    6.00000000   0.30500
  0.11138255    6.00000000   0.35400
  0.12530536    6.00000000   0.39400
  0.13922818    6.00000000   0.00000
  0.15315100    6.00000000   0.00000
  0.16707381    6.00000000   0.00000
  0.18099663    6.00000000   0.00000
  0.19491945    6.00000000   0.00000
  0.20884227    6.00000000   0.00000
  0.22276509    6.00000000   0.00000
  0.23668790    6.00000000   0.00000
  0.25061072    6.00000000   0.00000
  0.26453354    6.00000000   0.00000
  0.26453354    6.00000000   0.00000
  0.27437846    6.00000000   0.00200
  0.28422338    6.00000000   0.00600
  0.29406830    6.00000000   0.00800
  0.30391322    6.00000000   0.00700
  0.31375814    6.00000000   0.00300
  0.32360306    6.00000000   0.00000
  0.33344798    6.00000000   0.00000
  0.34329289    6.00000000   0.00500
  0.35313781    6.00000000   0.01400
  0.36298273    6.00000000   0.02800
  0.37282765    6.00000000   0.04600
  0.38267257    6.00000000   0.07000
  0.39251749    6.00000000   0.09600
  0.40236241    6.00000000   0.12600
  0.41220733    6.00000000   0.51900
  0.42205224    6.00000000   0.53800
  0.43189716    6.00000000   0.57400
  0.44174208    6.00000000   0.62900
  0.45158700    6.00000000   0.66500
  0.45158700    6.00000000   0.66500
  0.45854841    6.00000000   0.65200
  0.46550982    6.00000000   0.62000
  0.47247123    6.00000000   0.58000
  0.47943264    6.00000000   0.53900
  0.48639404    6.00000000   0.50000
  0.49335546    6.00000000   0.46300
  0.50031686    6.00000000   0.42900
  0.50727827    6.00000000   0.39600
  0.51423968    6.00000000   0.36300
  0.52120109    6.00000000   0.33000
  0.52816250    6.00000000   0.29700
  0.53512391    6.00000000   0.26200
  0.54208532    6.00000000   0.22500
  0.54904673    6.00000000   0.18600
  0.55600814    6.00000000   0.14400
  0.56296955    6.00000000   0.09900
  0.56993095    6.00000000   0.05400
  0.57689237    6.00000000   0.01600
  0.58385377    6.00000000   0.00000
  0.58385377    6.00000000   0.00000
  0.59591128    6.00000000   0.02600
  0.60796880    6.00000000   0.06800
  0.62002631    6.00000000   0.11300
  0.63208383    6.00000000   0.16100
  0.64414134    6.00000000   0.20900
  0.65619886    6.00000000   0.25600
  0.66825637    6.00000000   0.30200
  0.68031389    6.00000000   0.34400
  0.69237140    6.00000000   0.38100
  0.70442892    6.00000000   0.41200
  0.71648642    6.00000000   0.43700
  0.72854394    6.00000000   0.45600
  0.74060145    6.00000000   0.46700
  0.75265897    6.00000000   0.00000
  0.76471648    6.00000000   0.00000
  0.77677400    6.00000000   0.00000
  0.78883151    6.00000000   0.00000
  0.80088903    6.00000000   0.00000
  0.81294654    6.00000000   0.00000
  0.81294654    6.00000000   0.00000
  0.82279146    6.00000000   0.00000
  0.83263638    6.00000000   0.00000
  0.84248130    6.00000000   0.00000
  0.85232622    6.00000000   0.00000
  0.86217114    6.00000000   0.00000
  0.87201605    6.00000000   0.00000
  0.88186097    6.00000000   0.00000
  0.89170589    6.00000000   0.00000
  0.90155081    6.00000000   0.00000
  0.91139573    6.00000000   0.00000
  0.92124065    6.00000000   0.58400
  0.93108557    6.00000000   0.60000
  0.94093048    6.00000000   0.61500
  0.95077540    6.00000000   0.62900
  0.96062032    6.00000000   0.64100
  0.97046524    6.00000000   0.65100
  0.98031016    6.00000000   0.65900
  0.99015508    6.00000000   0.66300
  1.00000000    6.00000000   0.66500
  1.00000000    6.00000000   0.00000
  0.99015508    6.00000000   0.00000
  0.98031016    6.00000000   0.00000
  0.97046524    6.00000000   0.00000
  0.96062032    6.00000000   0.00000
  0.95077540    6.00000000   0.00000
  0.94093048    6.00000000   0.00000
  0.93108557    6.00000000   0.00000
  0.92124065    6.00000000   0.00000
  0.91139573    6.00000000   0.56600
  0.90155081    6.00000000   0.54700
  0.89170589    6.00000000   0.52800
  0.88186097    6.00000000   0.50700
  0.87201605    6.00000000   0.48500
  0.86217114    6.00000000   0.46200
  0.85232622    6.00000000   0.23900
  0.84248130    6.00000000   0.19700
  0.83263638    6.00000000   0.13000
  0.82279146    6.00000000   0.04500
  0.81294654    6.00000000   0.00000
  0.81294654    6.00000000   0.00000
  0.80088903    6.00000000   0.04700
  0.78883151    6.00000000   0.14000
  0.77677400    6.00000000   0.44600
  0.76471648    6.00000000   0.46400
  0.75265897    6.00000000   0.47000
  0.74060145    6.00000000   0.00000
  0.72854394    6.00000000   0.00000
  0.71648642    6.00000000   0.00000
  0.70442892    6.00000000   0.00000
  0.69237140    6.00000000   0.00000
  0.68031389    6.00000000   0.00000
  0.66825637    6.00000000   0.00000
  0.65619886    6.00000000   0.00000
  0.64414134    6.00000000   0.00000
  0.63208383    6.00000000   0.00000
  0.62002631    6.00000000   0.00000
  0.60796880    6.00000000   0.00000
  0.59591128    6.00000000   0.00000
  0.58385377    6.00000000   0.00000
  0.58385377    6.00000000   0.00000
  0.57689237    6.00000000   0.00300
  0.56993095    6.00000000   0.00300
  0.56296955    6.00000000   0.00200
  0.55600814    6.00000000   0.00100
  0.54904673    6.00000000   0.00000
  0.54208532    6.00000000   0.00000
  0.53512391    6.00000000   0.00000
  0.52816250    6.00000000   0.00100
  0.52120109    6.00000000   0.00100
  0.51423968    6.00000000   0.00300
  0.50727827    6.00000000   0.00400
  0.50031686    6.00000000   0.00500
  0.49335546    6.00000000   0.00600
  0.48639404    6.00000000   0.00700
  0.47943264    6.00000000   0.00600
  0.47247123    6.00000000   0.00500
  0.46550982    6.00000000   0.00300
  0.45854841    6.00000000   0.00100
  0.45158700    6.00000000   0.00000
  0.45158700    6.00000000   0.00000
  0.44174208    6.00000000   0.03600
  0.43189716    6.00000000   0.08900
  0.42205224    6.00000000   0.12300
  0.41220733    6.00000000   0.14000
  0.40236241    6.00000000   0.14600
  0.39251749    6.00000000   0.07500
  0.38267257    6.00000000   0.07900
  0.37282765    6.00000000   0.08200
  0.36298273    6.00000000   0.08500
  0.35313781    6.00000000   0.08700
  0.34329289    6.00000000   0.08700
  0.33344798    6.00000000   0.08500
  0.32360306    6.00000000   0.08000
  0.31375814    6.00000000   0.07200
  0.30391322    6.00000000   0.05900
  0.29406830    6.00000000   0.04200
  0.28422338    6.00000000   0.02300
  0.27437846    6.00000000   0.00700
  0.26453354    6.00000000   0.00000
  0.26453354    6.00000000   0.00000
  0.25061072    6.00000000   0.01300
  0.23668790    6.00000000   0.02100
  0.22276509    6.00000000   0.00800
  0.20884227    6.00000000   0.00000
  0.19491945    6.00000000   0.00800
  0.18099663    6.00000000   0.03000
  0.16707381    6.00000000   0.06000
  0.15315100    6.00000000   0.09700
  0.13922818    6.00000000   0.13800
  0.12530536    6.00000000   0.18000
  0.11138255    6.00000000   0.22000
  0.09745973    6.00000000   0.25700
  0.08353691    6.00000000   0.28500
  0.06961409    6.00000000   0.30300
  0.05569127    6.00000000   0.30400
  0.04176845    6.00000000   0.28000
  0.02784564    6.00000000   0.21800
  0.01392282    6.00000000   0.09900
  0.00000000    6.00000000   0.00000
  0.00000000    6.00000000   0.00000
  0.01392282    6.00000000   0.00000
  0.02784564    6.00000000   0.42400
  0.04176845    6.00000000   0.44900
  0.05569127    6.00000000   0.43400
  0.06961409    6.00000000   0.39500
  0.08353691    6.00000000   0.35600
  0.09745973    6.00000000   0.32600
  0.11138255    6.00000000   0.30400
  0.12530536    6.00000000   0.28600
  0.13922818    6.00000000   0.27200
  0.15315100    6.00000000   0.30900
  0.16707381    6.00000000   0.30900
  0.18099663    6.00000000   0.29500
  0.19491945    6.00000000   0.26900
  0.20884227    6.00000000   0.22500
  0.22276509    6.00000000   0.15900
  0.23668790    6.00000000   0.08100
  0.25061072    6.00000000   0.02100
  0.26453354    6.00000000   0.00000
  0.26453354    6.00000000   0.00000
  0.27437846    6.00000000   0.01100
  0.28422338    6.00000000   0.04100
  0.29406830    6.00000000   0.08800
  0.30391322    6.00000000   0.14700
  0.31375814    6.00000000   0.20900
  0.32360306    6.00000000   0.27100
  0.33344798    6.00000000   0.33000
  0.34329289    6.00000000   0.38400
  0.35313781    6.00000000   0.43400
  0.36298273    6.00000000   0.47500
  0.37282765    6.00000000   0.49000
  0.38267257    6.00000000   0.14000
  0.39251749    6.00000000   0.14500
  0.40236241    6.00000000   0.07100
  0.41220733    6.00000000   0.12800
  0.42205224    6.00000000   0.07200
  0.43189716    6.00000000   0.03200
  0.44174208    6.00000000   0.00800
  0.45158700    6.00000000   0.00000
  0.45158700    6.00000000   0.00000
  0.45854841    6.00000000   0.01100
  0.46550982    6.00000000   0.03800
  0.47247123    6.00000000   0.06900
  0.47943264    6.00000000   0.09800
  0.48639404    6.00000000   0.12100
  0.49335546    6.00000000   0.13700
  0.50031686    6.00000000   0.14800
  0.50727827    6.00000000   0.15400
  0.51423968    6.00000000   0.15400
  0.52120109    6.00000000   0.15100
  0.52816250    6.00000000   0.14400
  0.53512391    6.00000000   0.13300
  0.54208532    6.00000000   0.05800
  0.54904673    6.00000000   0.05400
  0.55600814    6.00000000   0.05000
  0.56296955    6.00000000   0.04400
  0.56993095    6.00000000   0.03700
  0.57689237    6.00000000   0.00000
  0.58385377    6.00000000   0.00000
  0.58385377    6.00000000   0.00000
  0.59591128    6.00000000   0.01400
  0.60796880    6.00000000   0.01400
  0.62002631    6.00000000   0.01200
  0.63208383    6.00000000   0.01000
  0.64414134    6.00000000   0.00800
  0.65619886    6.00000000   0.00600
  0.66825637    6.00000000   0.00500
  0.68031389    6.00000000   0.00300
  0.69237140    6.00000000   0.00100
  0.70442892    6.00000000   0.00000
  0.71648642    6.00000000   0.00800
  0.72854394    6.00000000   0.06000
  0.74060145    6.00000000   0.17500
  0.75265897    6.00000000   0.24200
  0.76471648    6.00000000   0.25000
  0.77677400    6.00000000   0.21500
  0.78883151    6.00000000   0.14000
  0.80088903    6.00000000   0.04700
  0.81294654    6.00000000   0.00000
  0.81294654    6.00000000   0.00000
  0.82279146    6.00000000   0.01900
  0.83263638    6.00000000   0.10600
  0.84248130    6.00000000   0.40700
  0.85232622    6.00000000   0.43700
  0.86217114    6.00000000   0.25700
  0.87201605    6.00000000   0.35600
  0.88186097    6.00000000   0.31300
  0.89170589    6.00000000   0.26900
  0.90155081    6.00000000   0.22700
  0.91139573    6.00000000   0.18900
  0.92124065    6.00000000   0.15300
  0.93108557    6.00000000   0.12100
  0.94093048    6.00000000   0.09200
  0.95077540    6.00000000   0.06600
  0.96062032    6.00000000   0.04400
  0.97046524    6.00000000   0.02500
  0.98031016    6.00000000   0.01200
  0.99015508    6.00000000   0.00300
  1.00000000    6.00000000   0.00000
  1.00000000    6.00000000   0.07400
  0.99015508    6.00000000   0.07100
  0.98031016    6.00000000   0.06300
  0.97046524    6.00000000   0.05100
  0.96062032    6.00000000   0.03700
  0.95077540    6.00000000   0.19100
  0.94093048    6.00000000   0.22100
  0.93108557    6.00000000   0.22800
  0.92124065    6.00000000   0.23500
  0.91139573    6.00000000   0.24100
  0.90155081    6.00000000   0.24700
  0.89170589    6.00000000   0.25300
  0.88186097    6.00000000   0.25800
  0.87201605    6.00000000   0.26100
  0.86217114    6.00000000   0.39800
  0.85232622    6.00000000   0.43200
  0.84248130    6.00000000   0.41900
  0.83263638    6.00000000   0.36200
  0.82279146    6.00000000   0.26700
  0.81294654    6.00000000   0.00000
  0.81294654    6.00000000   0.00000
  0.80088903    6.00000000   0.32600
  0.78883151    6.00000000   0.41200
  0.77677400    6.00000000   0.21300
  0.76471648    6.00000000   0.25100
  0.75265897    6.00000000   0.24200
  0.74060145    6.00000000   0.16800
  0.72854394    6.00000000   0.05800
  0.71648642    6.00000000   0.00800
  0.70442892    6.00000000   0.00000
  0.69237140    6.00000000   0.00100
  0.68031389    6.00000000   0.00300
  0.66825637    6.00000000   0.00500
  0.65619886    6.00000000   0.00600
  0.64414134    6.00000000   0.00800
  0.63208383    6.00000000   0.01000
  0.62002631    6.00000000   0.01200
  0.60796880    6.00000000   0.01400
  0.59591128    6.00000000   0.01300
  0.58385377    6.00000000   0.00000
  0.58385377    6.00000000   0.00000
  0.57689237    6.00000000   0.02200
  0.56993095    6.00000000   0.00000
  0.56296955    6.00000000   0.00000
  0.55600814    6.00000000   0.08500
  0.54904673    6.00000000   0.10300
  0.54208532    6.00000000   0.11900
  0.53512391    6.00000000   0.06100
  0.52816250    6.00000000   0.06300
  0.52120109    6.00000000   0.06500
  0.51423968    6.00000000   0.06700
  0.50727827    6.00000000   0.06900
  0.50031686    6.00000000   0.07000
  0.49335546    6.00000000   0.07100
  0.48639404    6.00000000   0.07200
  0.47943264    6.00000000   0.07200
  0.47247123    6.00000000   0.07300
  0.46550982    6.00000000   0.07300
  0.45854841    6.00000000   0.07400
  0.45158700    6.00000000   0.07400
  0.45158700    6.00000000   0.07400
  0.44174208    6.00000000   0.06900
  0.43189716    6.00000000   0.06500
  0.42205224    6.00000000   0.06500
  0.41220733    6.00000000   0.06800
  0.40236241    6.00000000   0.20700
  0.39251749    6.00000000   0.31400
  0.38267257    6.00000000   0.43300
  0.37282765    6.00000000   0.13200
  0.36298273    6.00000000   0.12100
  0.35313781    6.00000000   0.10700
  0.34329289    6.00000000   0.09200
  0.33344798    6.00000000   0.07500
  0.32360306    6.00000000   0.05700
  0.31375814    6.00000000   0.03800
  0.30391322    6.00000000   0.02100
  0.29406830    6.00000000   0.00800
  0.28422338    6.00000000   0.00200
  0.27437846    6.00000000   0.00000
  0.26453354    6.00000000   0.00000
  0.26453354    6.00000000   0.00000
  0.25061072    6.00000000   0.00000
  0.23668790    6.00000000   0.00000
  0.22276509    6.00000000   0.00000
  0.20884227    6.00000000   0.00000
  0.19491945    6.00000000   0.00000
  0.18099663    6.00000000   0.00000
  0.16707381    6.00000000   0.00000
  0.15315100    6.00000000   0.00000
  0.13922818    6.00000000   0.23500
  0.12530536    6.00000000   0.28600
  0.11138255    6.00000000   0.30400
  0.09745973    6.00000000   0.32600
  0.08353691    6.00000000   0.35700
  0.06961409    6.00000000   0.39500
  0.05569127    6.00000000   0.43400
  0.04176845    6.00000000   0.44900
  0.02784564    6.00000000   0.42300
  0.01392282    6.00000000   0.32900
  0.00000000    6.00000000   0.00000
  0.00000000  -11.00000000   0.00000
  0.26453354  -11.00000000   0.00000
  0.26453354    6.00000000   0.00000
  0.26453354  -11.00000000   0.00000
  0.45158700  -11.00000000   0.00000
  0.45158700    6.00000000   0.00000
  0.45158700  -11.00000000   0.00000
  0.58385377  -11.00000000   0.00000
  0.58385377    6.00000000   0.00000
  0.58385377  -11.00000000   0.00000
  0.81294654  -11.00000000   0.00000
  0.81294654    6.00000000   0.00000
  0.81294654  -11.00000000   0.00000
  1.00000000  -11.00000000   0.00000
  1.00000000    6.00000000   0.00000
  0.00000000    6.00000000   0.00000
  0.00000000  -11.00000000   0.00000
  0.00000000    0.00000000   0.00000
  1.00000000    0.00000000   0.00000
