Automatically generated mesh
     770
Reciprocal lattice
    0.02500000000000    0.02500000000000    0.02500000000000            96
    0.07500000000000    0.02500000000000    0.02500000000000           288
    0.12500000000000    0.02500000000000    0.02500000000000           288
    0.17500000000000    0.02500000000000    0.02500000000000           288
    0.22500000000000    0.02500000000000    0.02500000000000           288
    0.27500000000000    0.02500000000000    0.02500000000000           288
    0.32500000000000    0.02500000000000    0.02500000000000           288
    0.37500000000000    0.02500000000000    0.02500000000000           288
    0.42500000000000    0.02500000000000    0.02500000000000           288
    0.47500000000000    0.02500000000000    0.02500000000000           288
   -0.47500000000000    0.02500000000000    0.02500000000000           288
   -0.42500000000000    0.02500000000000    0.02500000000000           288
   -0.37500000000000    0.02500000000000    0.02500000000000           288
   -0.32500000000000    0.02500000000000    0.02500000000000           288
   -0.27500000000000    0.02500000000000    0.02500000000000           288
   -0.22500000000000    0.02500000000000    0.02500000000000           288
   -0.17500000000000    0.02500000000000    0.02500000000000           288
   -0.12500000000000    0.02500000000000    0.02500000000000           288
   -0.07500000000000    0.02500000000000    0.02500000000000           288
   -0.02500000000000    0.02500000000000    0.02500000000000           288
    0.07500000000000    0.07500000000000    0.02500000000000           288
    0.12500000000000    0.07500000000000    0.02500000000000           576
    0.17500000000000    0.07500000000000    0.02500000000000           576
    0.22500000000000    0.07500000000000    0.02500000000000           576
    0.27500000000000    0.07500000000000    0.02500000000000           576
    0.32500000000000    0.07500000000000    0.02500000000000           576
    0.37500000000000    0.07500000000000    0.02500000000000           576
    0.42500000000000    0.07500000000000    0.02500000000000           576
    0.47500000000000    0.07500000000000    0.02500000000000           576
   -0.47500000000000    0.07500000000000    0.02500000000000           576
   -0.42500000000000    0.07500000000000    0.02500000000000           576
   -0.37500000000000    0.07500000000000    0.02500000000000           576
   -0.32500000000000    0.07500000000000    0.02500000000000           576
   -0.27500000000000    0.07500000000000    0.02500000000000           576
   -0.22500000000000    0.07500000000000    0.02500000000000           576
   -0.17500000000000    0.07500000000000    0.02500000000000           576
   -0.12500000000000    0.07500000000000    0.02500000000000           576
   -0.07500000000000    0.07500000000000    0.02500000000000           576
   -0.02500000000000    0.07500000000000    0.02500000000000           576
    0.12500000000000    0.12500000000000    0.02500000000000           288
    0.17500000000000    0.12500000000000    0.02500000000000           576
    0.22500000000000    0.12500000000000    0.02500000000000           576
    0.27500000000000    0.12500000000000    0.02500000000000           576
    0.32500000000000    0.12500000000000    0.02500000000000           576
    0.37500000000000    0.12500000000000    0.02500000000000           576
    0.42500000000000    0.12500000000000    0.02500000000000           576
    0.47500000000000    0.12500000000000    0.02500000000000           576
   -0.47500000000000    0.12500000000000    0.02500000000000           576
   -0.42500000000000    0.12500000000000    0.02500000000000           576
   -0.37500000000000    0.12500000000000    0.02500000000000           576
   -0.32500000000000    0.12500000000000    0.02500000000000           576
   -0.27500000000000    0.12500000000000    0.02500000000000           576
   -0.22500000000000    0.12500000000000    0.02500000000000           576
   -0.17500000000000    0.12500000000000    0.02500000000000           576
   -0.12500000000000    0.12500000000000    0.02500000000000           576
   -0.07500000000000    0.12500000000000    0.02500000000000           576
   -0.02500000000000    0.12500000000000    0.02500000000000           576
    0.17500000000000    0.17500000000000    0.02500000000000           288
    0.22500000000000    0.17500000000000    0.02500000000000           576
    0.27500000000000    0.17500000000000    0.02500000000000           576
    0.32500000000000    0.17500000000000    0.02500000000000           576
    0.37500000000000    0.17500000000000    0.02500000000000           576
    0.42500000000000    0.17500000000000    0.02500000000000           576
    0.47500000000000    0.17500000000000    0.02500000000000           576
   -0.47500000000000    0.17500000000000    0.02500000000000           576
   -0.42500000000000    0.17500000000000    0.02500000000000           576
   -0.37500000000000    0.17500000000000    0.02500000000000           576
   -0.32500000000000    0.17500000000000    0.02500000000000           576
   -0.27500000000000    0.17500000000000    0.02500000000000           576
   -0.22500000000000    0.17500000000000    0.02500000000000           576
   -0.17500000000000    0.17500000000000    0.02500000000000           576
   -0.12500000000000    0.17500000000000    0.02500000000000           576
   -0.07500000000000    0.17500000000000    0.02500000000000           576
   -0.02500000000000    0.17500000000000    0.02500000000000           576
    0.22500000000000    0.22500000000000    0.02500000000000           288
    0.27500000000000    0.22500000000000    0.02500000000000           576
    0.32500000000000    0.22500000000000    0.02500000000000           576
    0.37500000000000    0.22500000000000    0.02500000000000           576
    0.42500000000000    0.22500000000000    0.02500000000000           576
    0.47500000000000    0.22500000000000    0.02500000000000           576
   -0.47500000000000    0.22500000000000    0.02500000000000           576
   -0.42500000000000    0.22500000000000    0.02500000000000           576
   -0.37500000000000    0.22500000000000    0.02500000000000           576
   -0.32500000000000    0.22500000000000    0.02500000000000           576
   -0.27500000000000    0.22500000000000    0.02500000000000           576
   -0.22500000000000    0.22500000000000    0.02500000000000           576
   -0.17500000000000    0.22500000000000    0.02500000000000           576
   -0.12500000000000    0.22500000000000    0.02500000000000           576
   -0.07500000000000    0.22500000000000    0.02500000000000           576
   -0.02500000000000    0.22500000000000    0.02500000000000           576
    0.27500000000000    0.27500000000000    0.02500000000000           288
    0.32500000000000    0.27500000000000    0.02500000000000           576
    0.37500000000000    0.27500000000000    0.02500000000000           576
    0.42500000000000    0.27500000000000    0.02500000000000           576
    0.47500000000000    0.27500000000000    0.02500000000000           576
   -0.47500000000000    0.27500000000000    0.02500000000000           576
   -0.42500000000000    0.27500000000000    0.02500000000000           576
   -0.37500000000000    0.27500000000000    0.02500000000000           576
   -0.32500000000000    0.27500000000000    0.02500000000000           576
   -0.27500000000000    0.27500000000000    0.02500000000000           576
   -0.22500000000000    0.27500000000000    0.02500000000000           576
   -0.17500000000000    0.27500000000000    0.02500000000000           576
   -0.12500000000000    0.27500000000000    0.02500000000000           576
   -0.07500000000000    0.27500000000000    0.02500000000000           576
   -0.02500000000000    0.27500000000000    0.02500000000000           576
    0.32500000000000    0.32500000000000    0.02500000000000           288
    0.37500000000000    0.32500000000000    0.02500000000000           576
    0.42500000000000    0.32500000000000    0.02500000000000           576
    0.47500000000000    0.32500000000000    0.02500000000000           576
   -0.47500000000000    0.32500000000000    0.02500000000000           576
   -0.42500000000000    0.32500000000000    0.02500000000000           576
   -0.37500000000000    0.32500000000000    0.02500000000000           576
   -0.32500000000000    0.32500000000000    0.02500000000000           576
   -0.27500000000000    0.32500000000000    0.02500000000000           576
   -0.22500000000000    0.32500000000000    0.02500000000000           576
   -0.17500000000000    0.32500000000000    0.02500000000000           576
   -0.12500000000000    0.32500000000000    0.02500000000000           576
   -0.07500000000000    0.32500000000000    0.02500000000000           576
   -0.02500000000000    0.32500000000000    0.02500000000000           576
    0.37500000000000    0.37500000000000    0.02500000000000           288
    0.42500000000000    0.37500000000000    0.02500000000000           576
    0.47500000000000    0.37500000000000    0.02500000000000           576
   -0.47500000000000    0.37500000000000    0.02500000000000           576
   -0.42500000000000    0.37500000000000    0.02500000000000           576
   -0.37500000000000    0.37500000000000    0.02500000000000           576
   -0.32500000000000    0.37500000000000    0.02500000000000           576
   -0.27500000000000    0.37500000000000    0.02500000000000           576
   -0.22500000000000    0.37500000000000    0.02500000000000           576
   -0.17500000000000    0.37500000000000    0.02500000000000           576
   -0.12500000000000    0.37500000000000    0.02500000000000           576
   -0.07500000000000    0.37500000000000    0.02500000000000           576
   -0.02500000000000    0.37500000000000    0.02500000000000           576
    0.42500000000000    0.42500000000000    0.02500000000000           288
    0.47500000000000    0.42500000000000    0.02500000000000           576
   -0.47500000000000    0.42500000000000    0.02500000000000           576
   -0.42500000000000    0.42500000000000    0.02500000000000           576
   -0.37500000000000    0.42500000000000    0.02500000000000           576
   -0.32500000000000    0.42500000000000    0.02500000000000           576
   -0.27500000000000    0.42500000000000    0.02500000000000           576
   -0.22500000000000    0.42500000000000    0.02500000000000           576
   -0.17500000000000    0.42500000000000    0.02500000000000           576
   -0.12500000000000    0.42500000000000    0.02500000000000           576
   -0.07500000000000    0.42500000000000    0.02500000000000           576
   -0.02500000000000    0.42500000000000    0.02500000000000           576
    0.47500000000000    0.47500000000000    0.02500000000000           288
   -0.47500000000000    0.47500000000000    0.02500000000000           576
   -0.42500000000000    0.47500000000000    0.02500000000000           576
   -0.37500000000000    0.47500000000000    0.02500000000000           576
   -0.32500000000000    0.47500000000000    0.02500000000000           576
   -0.27500000000000    0.47500000000000    0.02500000000000           576
   -0.22500000000000    0.47500000000000    0.02500000000000           576
   -0.17500000000000    0.47500000000000    0.02500000000000           576
   -0.12500000000000    0.47500000000000    0.02500000000000           576
   -0.07500000000000    0.47500000000000    0.02500000000000           576
   -0.02500000000000    0.47500000000000    0.02500000000000           576
   -0.47500000000000   -0.47500000000000    0.02500000000000           288
   -0.42500000000000   -0.47500000000000    0.02500000000000           576
   -0.37500000000000   -0.47500000000000    0.02500000000000           576
   -0.32500000000000   -0.47500000000000    0.02500000000000           576
   -0.27500000000000   -0.47500000000000    0.02500000000000           576
   -0.22500000000000   -0.47500000000000    0.02500000000000           576
   -0.17500000000000   -0.47500000000000    0.02500000000000           576
   -0.12500000000000   -0.47500000000000    0.02500000000000           576
   -0.07500000000000   -0.47500000000000    0.02500000000000           576
   -0.42500000000000   -0.42500000000000    0.02500000000000           288
   -0.37500000000000   -0.42500000000000    0.02500000000000           576
   -0.32500000000000   -0.42500000000000    0.02500000000000           576
   -0.27500000000000   -0.42500000000000    0.02500000000000           576
   -0.22500000000000   -0.42500000000000    0.02500000000000           576
   -0.17500000000000   -0.42500000000000    0.02500000000000           576
   -0.12500000000000   -0.42500000000000    0.02500000000000           576
   -0.07500000000000   -0.42500000000000    0.02500000000000           576
   -0.37500000000000   -0.37500000000000    0.02500000000000           288
   -0.32500000000000   -0.37500000000000    0.02500000000000           576
   -0.27500000000000   -0.37500000000000    0.02500000000000           576
   -0.22500000000000   -0.37500000000000    0.02500000000000           576
   -0.17500000000000   -0.37500000000000    0.02500000000000           576
   -0.12500000000000   -0.37500000000000    0.02500000000000           576
   -0.07500000000000   -0.37500000000000    0.02500000000000           576
   -0.32500000000000   -0.32500000000000    0.02500000000000           288
   -0.27500000000000   -0.32500000000000    0.02500000000000           576
   -0.22500000000000   -0.32500000000000    0.02500000000000           576
   -0.17500000000000   -0.32500000000000    0.02500000000000           576
   -0.12500000000000   -0.32500000000000    0.02500000000000           576
   -0.07500000000000   -0.32500000000000    0.02500000000000           576
   -0.27500000000000   -0.27500000000000    0.02500000000000           288
   -0.22500000000000   -0.27500000000000    0.02500000000000           576
   -0.17500000000000   -0.27500000000000    0.02500000000000           576
   -0.12500000000000   -0.27500000000000    0.02500000000000           576
   -0.07500000000000   -0.27500000000000    0.02500000000000           576
   -0.22500000000000   -0.22500000000000    0.02500000000000           288
   -0.17500000000000   -0.22500000000000    0.02500000000000           576
   -0.12500000000000   -0.22500000000000    0.02500000000000           576
   -0.07500000000000   -0.22500000000000    0.02500000000000           576
   -0.17500000000000   -0.17500000000000    0.02500000000000           288
   -0.12500000000000   -0.17500000000000    0.02500000000000           576
   -0.07500000000000   -0.17500000000000    0.02500000000000           576
   -0.12500000000000   -0.12500000000000    0.02500000000000           288
   -0.07500000000000   -0.12500000000000    0.02500000000000           576
   -0.07500000000000   -0.07500000000000    0.02500000000000           288
    0.07500000000000    0.07500000000000    0.07500000000000            96
    0.12500000000000    0.07500000000000    0.07500000000000           288
    0.17500000000000    0.07500000000000    0.07500000000000           288
    0.22500000000000    0.07500000000000    0.07500000000000           288
    0.27500000000000    0.07500000000000    0.07500000000000           288
    0.32500000000000    0.07500000000000    0.07500000000000           288
    0.37500000000000    0.07500000000000    0.07500000000000           288
    0.42500000000000    0.07500000000000    0.07500000000000           288
    0.47500000000000    0.07500000000000    0.07500000000000           288
   -0.47500000000000    0.07500000000000    0.07500000000000           288
   -0.42500000000000    0.07500000000000    0.07500000000000           288
   -0.37500000000000    0.07500000000000    0.07500000000000           288
   -0.32500000000000    0.07500000000000    0.07500000000000           288
   -0.27500000000000    0.07500000000000    0.07500000000000           288
   -0.22500000000000    0.07500000000000    0.07500000000000           288
   -0.17500000000000    0.07500000000000    0.07500000000000           288
   -0.12500000000000    0.07500000000000    0.07500000000000           288
   -0.07500000000000    0.07500000000000    0.07500000000000           288
    0.12500000000000    0.12500000000000    0.07500000000000           288
    0.17500000000000    0.12500000000000    0.07500000000000           576
    0.22500000000000    0.12500000000000    0.07500000000000           576
    0.27500000000000    0.12500000000000    0.07500000000000           576
    0.32500000000000    0.12500000000000    0.07500000000000           576
    0.37500000000000    0.12500000000000    0.07500000000000           576
    0.42500000000000    0.12500000000000    0.07500000000000           576
    0.47500000000000    0.12500000000000    0.07500000000000           576
   -0.47500000000000    0.12500000000000    0.07500000000000           576
   -0.42500000000000    0.12500000000000    0.07500000000000           576
   -0.37500000000000    0.12500000000000    0.07500000000000           576
   -0.32500000000000    0.12500000000000    0.07500000000000           576
   -0.27500000000000    0.12500000000000    0.07500000000000           576
   -0.22500000000000    0.12500000000000    0.07500000000000           576
   -0.17500000000000    0.12500000000000    0.07500000000000           576
   -0.12500000000000    0.12500000000000    0.07500000000000           576
   -0.07500000000000    0.12500000000000    0.07500000000000           576
    0.17500000000000    0.17500000000000    0.07500000000000           288
    0.22500000000000    0.17500000000000    0.07500000000000           576
    0.27500000000000    0.17500000000000    0.07500000000000           576
    0.32500000000000    0.17500000000000    0.07500000000000           576
    0.37500000000000    0.17500000000000    0.07500000000000           576
    0.42500000000000    0.17500000000000    0.07500000000000           576
    0.47500000000000    0.17500000000000    0.07500000000000           576
   -0.47500000000000    0.17500000000000    0.07500000000000           576
   -0.42500000000000    0.17500000000000    0.07500000000000           576
   -0.37500000000000    0.17500000000000    0.07500000000000           576
   -0.32500000000000    0.17500000000000    0.07500000000000           576
   -0.27500000000000    0.17500000000000    0.07500000000000           576
   -0.22500000000000    0.17500000000000    0.07500000000000           576
   -0.17500000000000    0.17500000000000    0.07500000000000           576
   -0.12500000000000    0.17500000000000    0.07500000000000           576
   -0.07500000000000    0.17500000000000    0.07500000000000           576
    0.22500000000000    0.22500000000000    0.07500000000000           288
    0.27500000000000    0.22500000000000    0.07500000000000           576
    0.32500000000000    0.22500000000000    0.07500000000000           576
    0.37500000000000    0.22500000000000    0.07500000000000           576
    0.42500000000000    0.22500000000000    0.07500000000000           576
    0.47500000000000    0.22500000000000    0.07500000000000           576
   -0.47500000000000    0.22500000000000    0.07500000000000           576
   -0.42500000000000    0.22500000000000    0.07500000000000           576
   -0.37500000000000    0.22500000000000    0.07500000000000           576
   -0.32500000000000    0.22500000000000    0.07500000000000           576
   -0.27500000000000    0.22500000000000    0.07500000000000           576
   -0.22500000000000    0.22500000000000    0.07500000000000           576
   -0.17500000000000    0.22500000000000    0.07500000000000           576
   -0.12500000000000    0.22500000000000    0.07500000000000           576
   -0.07500000000000    0.22500000000000    0.07500000000000           576
    0.27500000000000    0.27500000000000    0.07500000000000           288
    0.32500000000000    0.27500000000000    0.07500000000000           576
    0.37500000000000    0.27500000000000    0.07500000000000           576
    0.42500000000000    0.27500000000000    0.07500000000000           576
    0.47500000000000    0.27500000000000    0.07500000000000           576
   -0.47500000000000    0.27500000000000    0.07500000000000           576
   -0.42500000000000    0.27500000000000    0.07500000000000           576
   -0.37500000000000    0.27500000000000    0.07500000000000           576
   -0.32500000000000    0.27500000000000    0.07500000000000           576
   -0.27500000000000    0.27500000000000    0.07500000000000           576
   -0.22500000000000    0.27500000000000    0.07500000000000           576
   -0.17500000000000    0.27500000000000    0.07500000000000           576
   -0.12500000000000    0.27500000000000    0.07500000000000           576
   -0.07500000000000    0.27500000000000    0.07500000000000           576
    0.32500000000000    0.32500000000000    0.07500000000000           288
    0.37500000000000    0.32500000000000    0.07500000000000           576
    0.42500000000000    0.32500000000000    0.07500000000000           576
    0.47500000000000    0.32500000000000    0.07500000000000           576
   -0.47500000000000    0.32500000000000    0.07500000000000           576
   -0.42500000000000    0.32500000000000    0.07500000000000           576
   -0.37500000000000    0.32500000000000    0.07500000000000           576
   -0.32500000000000    0.32500000000000    0.07500000000000           576
   -0.27500000000000    0.32500000000000    0.07500000000000           576
   -0.22500000000000    0.32500000000000    0.07500000000000           576
   -0.17500000000000    0.32500000000000    0.07500000000000           576
   -0.12500000000000    0.32500000000000    0.07500000000000           576
   -0.07500000000000    0.32500000000000    0.07500000000000           576
    0.37500000000000    0.37500000000000    0.07500000000000           288
    0.42500000000000    0.37500000000000    0.07500000000000           576
    0.47500000000000    0.37500000000000    0.07500000000000           576
   -0.47500000000000    0.37500000000000    0.07500000000000           576
   -0.42500000000000    0.37500000000000    0.07500000000000           576
   -0.37500000000000    0.37500000000000    0.07500000000000           576
   -0.32500000000000    0.37500000000000    0.07500000000000           576
   -0.27500000000000    0.37500000000000    0.07500000000000           576
   -0.22500000000000    0.37500000000000    0.07500000000000           576
   -0.17500000000000    0.37500000000000    0.07500000000000           576
   -0.12500000000000    0.37500000000000    0.07500000000000           576
   -0.07500000000000    0.37500000000000    0.07500000000000           576
    0.42500000000000    0.42500000000000    0.07500000000000           288
    0.47500000000000    0.42500000000000    0.07500000000000           576
   -0.47500000000000    0.42500000000000    0.07500000000000           576
   -0.42500000000000    0.42500000000000    0.07500000000000           576
   -0.37500000000000    0.42500000000000    0.07500000000000           576
   -0.32500000000000    0.42500000000000    0.07500000000000           576
   -0.27500000000000    0.42500000000000    0.07500000000000           576
   -0.22500000000000    0.42500000000000    0.07500000000000           576
   -0.17500000000000    0.42500000000000    0.07500000000000           576
   -0.12500000000000    0.42500000000000    0.07500000000000           576
   -0.07500000000000    0.42500000000000    0.07500000000000           576
    0.47500000000000    0.47500000000000    0.07500000000000           288
   -0.47500000000000    0.47500000000000    0.07500000000000           576
   -0.42500000000000    0.47500000000000    0.07500000000000           576
   -0.37500000000000    0.47500000000000    0.07500000000000           576
   -0.32500000000000    0.47500000000000    0.07500000000000           576
   -0.27500000000000    0.47500000000000    0.07500000000000           576
   -0.22500000000000    0.47500000000000    0.07500000000000           576
   -0.17500000000000    0.47500000000000    0.07500000000000           576
   -0.12500000000000    0.47500000000000    0.07500000000000           576
   -0.07500000000000    0.47500000000000    0.07500000000000           576
   -0.47500000000000   -0.47500000000000    0.07500000000000           288
   -0.42500000000000   -0.47500000000000    0.07500000000000           576
   -0.37500000000000   -0.47500000000000    0.07500000000000           576
   -0.32500000000000   -0.47500000000000    0.07500000000000           576
   -0.27500000000000   -0.47500000000000    0.07500000000000           576
   -0.22500000000000   -0.47500000000000    0.07500000000000           576
   -0.17500000000000   -0.47500000000000    0.07500000000000           576
   -0.12500000000000   -0.47500000000000    0.07500000000000           576
   -0.42500000000000   -0.42500000000000    0.07500000000000           288
   -0.37500000000000   -0.42500000000000    0.07500000000000           576
   -0.32500000000000   -0.42500000000000    0.07500000000000           576
   -0.27500000000000   -0.42500000000000    0.07500000000000           576
   -0.22500000000000   -0.42500000000000    0.07500000000000           576
   -0.17500000000000   -0.42500000000000    0.07500000000000           576
   -0.12500000000000   -0.42500000000000    0.07500000000000           576
   -0.37500000000000   -0.37500000000000    0.07500000000000           288
   -0.32500000000000   -0.37500000000000    0.07500000000000           576
   -0.27500000000000   -0.37500000000000    0.07500000000000           576
   -0.22500000000000   -0.37500000000000    0.07500000000000           576
   -0.17500000000000   -0.37500000000000    0.07500000000000           576
   -0.12500000000000   -0.37500000000000    0.07500000000000           576
   -0.32500000000000   -0.32500000000000    0.07500000000000           288
   -0.27500000000000   -0.32500000000000    0.07500000000000           576
   -0.22500000000000   -0.32500000000000    0.07500000000000           576
   -0.17500000000000   -0.32500000000000    0.07500000000000           576
   -0.12500000000000   -0.32500000000000    0.07500000000000           576
   -0.27500000000000   -0.27500000000000    0.07500000000000           288
   -0.22500000000000   -0.27500000000000    0.07500000000000           576
   -0.17500000000000   -0.27500000000000    0.07500000000000           576
   -0.12500000000000   -0.27500000000000    0.07500000000000           576
   -0.22500000000000   -0.22500000000000    0.07500000000000           288
   -0.17500000000000   -0.22500000000000    0.07500000000000           576
   -0.12500000000000   -0.22500000000000    0.07500000000000           576
   -0.17500000000000   -0.17500000000000    0.07500000000000           288
   -0.12500000000000   -0.17500000000000    0.07500000000000           576
   -0.12500000000000   -0.12500000000000    0.07500000000000           288
    0.12500000000000    0.12500000000000    0.12500000000000            96
    0.17500000000000    0.12500000000000    0.12500000000000           288
    0.22500000000000    0.12500000000000    0.12500000000000           288
    0.27500000000000    0.12500000000000    0.12500000000000           288
    0.32500000000000    0.12500000000000    0.12500000000000           288
    0.37500000000000    0.12500000000000    0.12500000000000           288
    0.42500000000000    0.12500000000000    0.12500000000000           288
    0.47500000000000    0.12500000000000    0.12500000000000           288
   -0.47500000000000    0.12500000000000    0.12500000000000           288
   -0.42500000000000    0.12500000000000    0.12500000000000           288
   -0.37500000000000    0.12500000000000    0.12500000000000           288
   -0.32500000000000    0.12500000000000    0.12500000000000           288
   -0.27500000000000    0.12500000000000    0.12500000000000           288
   -0.22500000000000    0.12500000000000    0.12500000000000           288
   -0.17500000000000    0.12500000000000    0.12500000000000           288
   -0.12500000000000    0.12500000000000    0.12500000000000           288
    0.17500000000000    0.17500000000000    0.12500000000000           288
    0.22500000000000    0.17500000000000    0.12500000000000           576
    0.27500000000000    0.17500000000000    0.12500000000000           576
    0.32500000000000    0.17500000000000    0.12500000000000           576
    0.37500000000000    0.17500000000000    0.12500000000000           576
    0.42500000000000    0.17500000000000    0.12500000000000           576
    0.47500000000000    0.17500000000000    0.12500000000000           576
   -0.47500000000000    0.17500000000000    0.12500000000000           576
   -0.42500000000000    0.17500000000000    0.12500000000000           576
   -0.37500000000000    0.17500000000000    0.12500000000000           576
   -0.32500000000000    0.17500000000000    0.12500000000000           576
   -0.27500000000000    0.17500000000000    0.12500000000000           576
   -0.22500000000000    0.17500000000000    0.12500000000000           576
   -0.17500000000000    0.17500000000000    0.12500000000000           576
   -0.12500000000000    0.17500000000000    0.12500000000000           576
    0.22500000000000    0.22500000000000    0.12500000000000           288
    0.27500000000000    0.22500000000000    0.12500000000000           576
    0.32500000000000    0.22500000000000    0.12500000000000           576
    0.37500000000000    0.22500000000000    0.12500000000000           576
    0.42500000000000    0.22500000000000    0.12500000000000           576
    0.47500000000000    0.22500000000000    0.12500000000000           576
   -0.47500000000000    0.22500000000000    0.12500000000000           576
   -0.42500000000000    0.22500000000000    0.12500000000000           576
   -0.37500000000000    0.22500000000000    0.12500000000000           576
   -0.32500000000000    0.22500000000000    0.12500000000000           576
   -0.27500000000000    0.22500000000000    0.12500000000000           576
   -0.22500000000000    0.22500000000000    0.12500000000000           576
   -0.17500000000000    0.22500000000000    0.12500000000000           576
   -0.12500000000000    0.22500000000000    0.12500000000000           576
    0.27500000000000    0.27500000000000    0.12500000000000           288
    0.32500000000000    0.27500000000000    0.12500000000000           576
    0.37500000000000    0.27500000000000    0.12500000000000           576
    0.42500000000000    0.27500000000000    0.12500000000000           576
    0.47500000000000    0.27500000000000    0.12500000000000           576
   -0.47500000000000    0.27500000000000    0.12500000000000           576
   -0.42500000000000    0.27500000000000    0.12500000000000           576
   -0.37500000000000    0.27500000000000    0.12500000000000           576
   -0.32500000000000    0.27500000000000    0.12500000000000           576
   -0.27500000000000    0.27500000000000    0.12500000000000           576
   -0.22500000000000    0.27500000000000    0.12500000000000           576
   -0.17500000000000    0.27500000000000    0.12500000000000           576
   -0.12500000000000    0.27500000000000    0.12500000000000           576
    0.32500000000000    0.32500000000000    0.12500000000000           288
    0.37500000000000    0.32500000000000    0.12500000000000           576
    0.42500000000000    0.32500000000000    0.12500000000000           576
    0.47500000000000    0.32500000000000    0.12500000000000           576
   -0.47500000000000    0.32500000000000    0.12500000000000           576
   -0.42500000000000    0.32500000000000    0.12500000000000           576
   -0.37500000000000    0.32500000000000    0.12500000000000           576
   -0.32500000000000    0.32500000000000    0.12500000000000           576
   -0.27500000000000    0.32500000000000    0.12500000000000           576
   -0.22500000000000    0.32500000000000    0.12500000000000           576
   -0.17500000000000    0.32500000000000    0.12500000000000           576
   -0.12500000000000    0.32500000000000    0.12500000000000           576
    0.37500000000000    0.37500000000000    0.12500000000000           288
    0.42500000000000    0.37500000000000    0.12500000000000           576
    0.47500000000000    0.37500000000000    0.12500000000000           576
   -0.47500000000000    0.37500000000000    0.12500000000000           576
   -0.42500000000000    0.37500000000000    0.12500000000000           576
   -0.37500000000000    0.37500000000000    0.12500000000000           576
   -0.32500000000000    0.37500000000000    0.12500000000000           576
   -0.27500000000000    0.37500000000000    0.12500000000000           576
   -0.22500000000000    0.37500000000000    0.12500000000000           576
   -0.17500000000000    0.37500000000000    0.12500000000000           576
   -0.12500000000000    0.37500000000000    0.12500000000000           576
    0.42500000000000    0.42500000000000    0.12500000000000           288
    0.47500000000000    0.42500000000000    0.12500000000000           576
   -0.47500000000000    0.42500000000000    0.12500000000000           576
   -0.42500000000000    0.42500000000000    0.12500000000000           576
   -0.37500000000000    0.42500000000000    0.12500000000000           576
   -0.32500000000000    0.42500000000000    0.12500000000000           576
   -0.27500000000000    0.42500000000000    0.12500000000000           576
   -0.22500000000000    0.42500000000000    0.12500000000000           576
   -0.17500000000000    0.42500000000000    0.12500000000000           576
   -0.12500000000000    0.42500000000000    0.12500000000000           576
    0.47500000000000    0.47500000000000    0.12500000000000           288
   -0.47500000000000    0.47500000000000    0.12500000000000           576
   -0.42500000000000    0.47500000000000    0.12500000000000           576
   -0.37500000000000    0.47500000000000    0.12500000000000           576
   -0.32500000000000    0.47500000000000    0.12500000000000           576
   -0.27500000000000    0.47500000000000    0.12500000000000           576
   -0.22500000000000    0.47500000000000    0.12500000000000           576
   -0.17500000000000    0.47500000000000    0.12500000000000           576
   -0.12500000000000    0.47500000000000    0.12500000000000           576
   -0.47500000000000   -0.47500000000000    0.12500000000000           288
   -0.42500000000000   -0.47500000000000    0.12500000000000           576
   -0.37500000000000   -0.47500000000000    0.12500000000000           576
   -0.32500000000000   -0.47500000000000    0.12500000000000           576
   -0.27500000000000   -0.47500000000000    0.12500000000000           576
   -0.22500000000000   -0.47500000000000    0.12500000000000           576
   -0.17500000000000   -0.47500000000000    0.12500000000000           576
   -0.42500000000000   -0.42500000000000    0.12500000000000           288
   -0.37500000000000   -0.42500000000000    0.12500000000000           576
   -0.32500000000000   -0.42500000000000    0.12500000000000           576
   -0.27500000000000   -0.42500000000000    0.12500000000000           576
   -0.22500000000000   -0.42500000000000    0.12500000000000           576
   -0.17500000000000   -0.42500000000000    0.12500000000000           576
   -0.37500000000000   -0.37500000000000    0.12500000000000           288
   -0.32500000000000   -0.37500000000000    0.12500000000000           576
   -0.27500000000000   -0.37500000000000    0.12500000000000           576
   -0.22500000000000   -0.37500000000000    0.12500000000000           576
   -0.17500000000000   -0.37500000000000    0.12500000000000           576
   -0.32500000000000   -0.32500000000000    0.12500000000000           288
   -0.27500000000000   -0.32500000000000    0.12500000000000           576
   -0.22500000000000   -0.32500000000000    0.12500000000000           576
   -0.17500000000000   -0.32500000000000    0.12500000000000           576
   -0.27500000000000   -0.27500000000000    0.12500000000000           288
   -0.22500000000000   -0.27500000000000    0.12500000000000           576
   -0.17500000000000   -0.27500000000000    0.12500000000000           576
   -0.22500000000000   -0.22500000000000    0.12500000000000           288
   -0.17500000000000   -0.22500000000000    0.12500000000000           576
   -0.17500000000000   -0.17500000000000    0.12500000000000           288
    0.17500000000000    0.17500000000000    0.17500000000000            96
    0.22500000000000    0.17500000000000    0.17500000000000           288
    0.27500000000000    0.17500000000000    0.17500000000000           288
    0.32500000000000    0.17500000000000    0.17500000000000           288
    0.37500000000000    0.17500000000000    0.17500000000000           288
    0.42500000000000    0.17500000000000    0.17500000000000           288
    0.47500000000000    0.17500000000000    0.17500000000000           288
   -0.47500000000000    0.17500000000000    0.17500000000000           288
   -0.42500000000000    0.17500000000000    0.17500000000000           288
   -0.37500000000000    0.17500000000000    0.17500000000000           288
   -0.32500000000000    0.17500000000000    0.17500000000000           288
   -0.27500000000000    0.17500000000000    0.17500000000000           288
   -0.22500000000000    0.17500000000000    0.17500000000000           288
   -0.17500000000000    0.17500000000000    0.17500000000000           288
    0.22500000000000    0.22500000000000    0.17500000000000           288
    0.27500000000000    0.22500000000000    0.17500000000000           576
    0.32500000000000    0.22500000000000    0.17500000000000           576
    0.37500000000000    0.22500000000000    0.17500000000000           576
    0.42500000000000    0.22500000000000    0.17500000000000           576
    0.47500000000000    0.22500000000000    0.17500000000000           576
   -0.47500000000000    0.22500000000000    0.17500000000000           576
   -0.42500000000000    0.22500000000000    0.17500000000000           576
   -0.37500000000000    0.22500000000000    0.17500000000000           576
   -0.32500000000000    0.22500000000000    0.17500000000000           576
   -0.27500000000000    0.22500000000000    0.17500000000000           576
   -0.22500000000000    0.22500000000000    0.17500000000000           576
   -0.17500000000000    0.22500000000000    0.17500000000000           576
    0.27500000000000    0.27500000000000    0.17500000000000           288
    0.32500000000000    0.27500000000000    0.17500000000000           576
    0.37500000000000    0.27500000000000    0.17500000000000           576
    0.42500000000000    0.27500000000000    0.17500000000000           576
    0.47500000000000    0.27500000000000    0.17500000000000           576
   -0.47500000000000    0.27500000000000    0.17500000000000           576
   -0.42500000000000    0.27500000000000    0.17500000000000           576
   -0.37500000000000    0.27500000000000    0.17500000000000           576
   -0.32500000000000    0.27500000000000    0.17500000000000           576
   -0.27500000000000    0.27500000000000    0.17500000000000           576
   -0.22500000000000    0.27500000000000    0.17500000000000           576
   -0.17500000000000    0.27500000000000    0.17500000000000           576
    0.32500000000000    0.32500000000000    0.17500000000000           288
    0.37500000000000    0.32500000000000    0.17500000000000           576
    0.42500000000000    0.32500000000000    0.17500000000000           576
    0.47500000000000    0.32500000000000    0.17500000000000           576
   -0.47500000000000    0.32500000000000    0.17500000000000           576
   -0.42500000000000    0.32500000000000    0.17500000000000           576
   -0.37500000000000    0.32500000000000    0.17500000000000           576
   -0.32500000000000    0.32500000000000    0.17500000000000           576
   -0.27500000000000    0.32500000000000    0.17500000000000           576
   -0.22500000000000    0.32500000000000    0.17500000000000           576
   -0.17500000000000    0.32500000000000    0.17500000000000           576
    0.37500000000000    0.37500000000000    0.17500000000000           288
    0.42500000000000    0.37500000000000    0.17500000000000           576
    0.47500000000000    0.37500000000000    0.17500000000000           576
   -0.47500000000000    0.37500000000000    0.17500000000000           576
   -0.42500000000000    0.37500000000000    0.17500000000000           576
   -0.37500000000000    0.37500000000000    0.17500000000000           576
   -0.32500000000000    0.37500000000000    0.17500000000000           576
   -0.27500000000000    0.37500000000000    0.17500000000000           576
   -0.22500000000000    0.37500000000000    0.17500000000000           576
   -0.17500000000000    0.37500000000000    0.17500000000000           576
    0.42500000000000    0.42500000000000    0.17500000000000           288
    0.47500000000000    0.42500000000000    0.17500000000000           576
   -0.47500000000000    0.42500000000000    0.17500000000000           576
   -0.42500000000000    0.42500000000000    0.17500000000000           576
   -0.37500000000000    0.42500000000000    0.17500000000000           576
   -0.32500000000000    0.42500000000000    0.17500000000000           576
   -0.27500000000000    0.42500000000000    0.17500000000000           576
   -0.22500000000000    0.42500000000000    0.17500000000000           576
   -0.17500000000000    0.42500000000000    0.17500000000000           576
    0.47500000000000    0.47500000000000    0.17500000000000           288
   -0.47500000000000    0.47500000000000    0.17500000000000           576
   -0.42500000000000    0.47500000000000    0.17500000000000           576
   -0.37500000000000    0.47500000000000    0.17500000000000           576
   -0.32500000000000    0.47500000000000    0.17500000000000           576
   -0.27500000000000    0.47500000000000    0.17500000000000           576
   -0.22500000000000    0.47500000000000    0.17500000000000           576
   -0.17500000000000    0.47500000000000    0.17500000000000           576
   -0.47500000000000   -0.47500000000000    0.17500000000000           288
   -0.42500000000000   -0.47500000000000    0.17500000000000           576
   -0.37500000000000   -0.47500000000000    0.17500000000000           576
   -0.32500000000000   -0.47500000000000    0.17500000000000           576
   -0.27500000000000   -0.47500000000000    0.17500000000000           576
   -0.22500000000000   -0.47500000000000    0.17500000000000           576
   -0.42500000000000   -0.42500000000000    0.17500000000000           288
   -0.37500000000000   -0.42500000000000    0.17500000000000           576
   -0.32500000000000   -0.42500000000000    0.17500000000000           576
   -0.27500000000000   -0.42500000000000    0.17500000000000           576
   -0.22500000000000   -0.42500000000000    0.17500000000000           576
   -0.37500000000000   -0.37500000000000    0.17500000000000           288
   -0.32500000000000   -0.37500000000000    0.17500000000000           576
   -0.27500000000000   -0.37500000000000    0.17500000000000           576
   -0.22500000000000   -0.37500000000000    0.17500000000000           576
   -0.32500000000000   -0.32500000000000    0.17500000000000           288
   -0.27500000000000   -0.32500000000000    0.17500000000000           576
   -0.22500000000000   -0.32500000000000    0.17500000000000           576
   -0.27500000000000   -0.27500000000000    0.17500000000000           288
   -0.22500000000000   -0.27500000000000    0.17500000000000           576
   -0.22500000000000   -0.22500000000000    0.17500000000000           288
    0.22500000000000    0.22500000000000    0.22500000000000            96
    0.27500000000000    0.22500000000000    0.22500000000000           288
    0.32500000000000    0.22500000000000    0.22500000000000           288
    0.37500000000000    0.22500000000000    0.22500000000000           288
    0.42500000000000    0.22500000000000    0.22500000000000           288
    0.47500000000000    0.22500000000000    0.22500000000000           288
   -0.47500000000000    0.22500000000000    0.22500000000000           288
   -0.42500000000000    0.22500000000000    0.22500000000000           288
   -0.37500000000000    0.22500000000000    0.22500000000000           288
   -0.32500000000000    0.22500000000000    0.22500000000000           288
   -0.27500000000000    0.22500000000000    0.22500000000000           288
   -0.22500000000000    0.22500000000000    0.22500000000000           288
    0.27500000000000    0.27500000000000    0.22500000000000           288
    0.32500000000000    0.27500000000000    0.22500000000000           576
    0.37500000000000    0.27500000000000    0.22500000000000           576
    0.42500000000000    0.27500000000000    0.22500000000000           576
    0.47500000000000    0.27500000000000    0.22500000000000           576
   -0.47500000000000    0.27500000000000    0.22500000000000           576
   -0.42500000000000    0.27500000000000    0.22500000000000           576
   -0.37500000000000    0.27500000000000    0.22500000000000           576
   -0.32500000000000    0.27500000000000    0.22500000000000           576
   -0.27500000000000    0.27500000000000    0.22500000000000           576
   -0.22500000000000    0.27500000000000    0.22500000000000           576
    0.32500000000000    0.32500000000000    0.22500000000000           288
    0.37500000000000    0.32500000000000    0.22500000000000           576
    0.42500000000000    0.32500000000000    0.22500000000000           576
    0.47500000000000    0.32500000000000    0.22500000000000           576
   -0.47500000000000    0.32500000000000    0.22500000000000           576
   -0.42500000000000    0.32500000000000    0.22500000000000           576
   -0.37500000000000    0.32500000000000    0.22500000000000           576
   -0.32500000000000    0.32500000000000    0.22500000000000           576
   -0.27500000000000    0.32500000000000    0.22500000000000           576
   -0.22500000000000    0.32500000000000    0.22500000000000           576
    0.37500000000000    0.37500000000000    0.22500000000000           288
    0.42500000000000    0.37500000000000    0.22500000000000           576
    0.47500000000000    0.37500000000000    0.22500000000000           576
   -0.47500000000000    0.37500000000000    0.22500000000000           576
   -0.42500000000000    0.37500000000000    0.22500000000000           576
   -0.37500000000000    0.37500000000000    0.22500000000000           576
   -0.32500000000000    0.37500000000000    0.22500000000000           576
   -0.27500000000000    0.37500000000000    0.22500000000000           576
   -0.22500000000000    0.37500000000000    0.22500000000000           576
    0.42500000000000    0.42500000000000    0.22500000000000           288
    0.47500000000000    0.42500000000000    0.22500000000000           576
   -0.47500000000000    0.42500000000000    0.22500000000000           576
   -0.42500000000000    0.42500000000000    0.22500000000000           576
   -0.37500000000000    0.42500000000000    0.22500000000000           576
   -0.32500000000000    0.42500000000000    0.22500000000000           576
   -0.27500000000000    0.42500000000000    0.22500000000000           576
   -0.22500000000000    0.42500000000000    0.22500000000000           576
    0.47500000000000    0.47500000000000    0.22500000000000           288
   -0.47500000000000    0.47500000000000    0.22500000000000           576
   -0.42500000000000    0.47500000000000    0.22500000000000           576
   -0.37500000000000    0.47500000000000    0.22500000000000           576
   -0.32500000000000    0.47500000000000    0.22500000000000           576
   -0.27500000000000    0.47500000000000    0.22500000000000           576
   -0.22500000000000    0.47500000000000    0.22500000000000           576
   -0.47500000000000   -0.47500000000000    0.22500000000000           288
   -0.42500000000000   -0.47500000000000    0.22500000000000           576
   -0.37500000000000   -0.47500000000000    0.22500000000000           576
   -0.32500000000000   -0.47500000000000    0.22500000000000           576
   -0.27500000000000   -0.47500000000000    0.22500000000000           576
   -0.42500000000000   -0.42500000000000    0.22500000000000           288
   -0.37500000000000   -0.42500000000000    0.22500000000000           576
   -0.32500000000000   -0.42500000000000    0.22500000000000           576
   -0.27500000000000   -0.42500000000000    0.22500000000000           576
   -0.37500000000000   -0.37500000000000    0.22500000000000           288
   -0.32500000000000   -0.37500000000000    0.22500000000000           576
   -0.27500000000000   -0.37500000000000    0.22500000000000           576
   -0.32500000000000   -0.32500000000000    0.22500000000000           288
   -0.27500000000000   -0.32500000000000    0.22500000000000           576
   -0.27500000000000   -0.27500000000000    0.22500000000000           288
    0.27500000000000    0.27500000000000    0.27500000000000            96
    0.32500000000000    0.27500000000000    0.27500000000000           288
    0.37500000000000    0.27500000000000    0.27500000000000           288
    0.42500000000000    0.27500000000000    0.27500000000000           288
    0.47500000000000    0.27500000000000    0.27500000000000           288
   -0.47500000000000    0.27500000000000    0.27500000000000           288
   -0.42500000000000    0.27500000000000    0.27500000000000           288
   -0.37500000000000    0.27500000000000    0.27500000000000           288
   -0.32500000000000    0.27500000000000    0.27500000000000           288
   -0.27500000000000    0.27500000000000    0.27500000000000           288
    0.32500000000000    0.32500000000000    0.27500000000000           288
    0.37500000000000    0.32500000000000    0.27500000000000           576
    0.42500000000000    0.32500000000000    0.27500000000000           576
    0.47500000000000    0.32500000000000    0.27500000000000           576
   -0.47500000000000    0.32500000000000    0.27500000000000           576
   -0.42500000000000    0.32500000000000    0.27500000000000           576
   -0.37500000000000    0.32500000000000    0.27500000000000           576
   -0.32500000000000    0.32500000000000    0.27500000000000           576
   -0.27500000000000    0.32500000000000    0.27500000000000           576
    0.37500000000000    0.37500000000000    0.27500000000000           288
    0.42500000000000    0.37500000000000    0.27500000000000           576
    0.47500000000000    0.37500000000000    0.27500000000000           576
   -0.47500000000000    0.37500000000000    0.27500000000000           576
   -0.42500000000000    0.37500000000000    0.27500000000000           576
   -0.37500000000000    0.37500000000000    0.27500000000000           576
   -0.32500000000000    0.37500000000000    0.27500000000000           576
   -0.27500000000000    0.37500000000000    0.27500000000000           576
    0.42500000000000    0.42500000000000    0.27500000000000           288
    0.47500000000000    0.42500000000000    0.27500000000000           576
   -0.47500000000000    0.42500000000000    0.27500000000000           576
   -0.42500000000000    0.42500000000000    0.27500000000000           576
   -0.37500000000000    0.42500000000000    0.27500000000000           576
   -0.32500000000000    0.42500000000000    0.27500000000000           576
   -0.27500000000000    0.42500000000000    0.27500000000000           576
    0.47500000000000    0.47500000000000    0.27500000000000           288
   -0.47500000000000    0.47500000000000    0.27500000000000           576
   -0.42500000000000    0.47500000000000    0.27500000000000           576
   -0.37500000000000    0.47500000000000    0.27500000000000           576
   -0.32500000000000    0.47500000000000    0.27500000000000           576
   -0.27500000000000    0.47500000000000    0.27500000000000           576
   -0.47500000000000   -0.47500000000000    0.27500000000000           288
   -0.42500000000000   -0.47500000000000    0.27500000000000           576
   -0.37500000000000   -0.47500000000000    0.27500000000000           576
   -0.32500000000000   -0.47500000000000    0.27500000000000           576
   -0.42500000000000   -0.42500000000000    0.27500000000000           288
   -0.37500000000000   -0.42500000000000    0.27500000000000           576
   -0.32500000000000   -0.42500000000000    0.27500000000000           576
   -0.37500000000000   -0.37500000000000    0.27500000000000           288
   -0.32500000000000   -0.37500000000000    0.27500000000000           576
   -0.32500000000000   -0.32500000000000    0.27500000000000           288
    0.32500000000000    0.32500000000000    0.32500000000000            96
    0.37500000000000    0.32500000000000    0.32500000000000           288
    0.42500000000000    0.32500000000000    0.32500000000000           288
    0.47500000000000    0.32500000000000    0.32500000000000           288
   -0.47500000000000    0.32500000000000    0.32500000000000           288
   -0.42500000000000    0.32500000000000    0.32500000000000           288
   -0.37500000000000    0.32500000000000    0.32500000000000           288
   -0.32500000000000    0.32500000000000    0.32500000000000           288
    0.37500000000000    0.37500000000000    0.32500000000000           288
    0.42500000000000    0.37500000000000    0.32500000000000           576
    0.47500000000000    0.37500000000000    0.32500000000000           576
   -0.47500000000000    0.37500000000000    0.32500000000000           576
   -0.42500000000000    0.37500000000000    0.32500000000000           576
   -0.37500000000000    0.37500000000000    0.32500000000000           576
   -0.32500000000000    0.37500000000000    0.32500000000000           576
    0.42500000000000    0.42500000000000    0.32500000000000           288
    0.47500000000000    0.42500000000000    0.32500000000000           576
   -0.47500000000000    0.42500000000000    0.32500000000000           576
   -0.42500000000000    0.42500000000000    0.32500000000000           576
   -0.37500000000000    0.42500000000000    0.32500000000000           576
   -0.32500000000000    0.42500000000000    0.32500000000000           576
    0.47500000000000    0.47500000000000    0.32500000000000           288
   -0.47500000000000    0.47500000000000    0.32500000000000           576
   -0.42500000000000    0.47500000000000    0.32500000000000           576
   -0.37500000000000    0.47500000000000    0.32500000000000           576
   -0.32500000000000    0.47500000000000    0.32500000000000           576
   -0.47500000000000   -0.47500000000000    0.32500000000000           288
   -0.42500000000000   -0.47500000000000    0.32500000000000           576
   -0.37500000000000   -0.47500000000000    0.32500000000000           576
   -0.42500000000000   -0.42500000000000    0.32500000000000           288
   -0.37500000000000   -0.42500000000000    0.32500000000000           576
   -0.37500000000000   -0.37500000000000    0.32500000000000           288
    0.37500000000000    0.37500000000000    0.37500000000000            96
    0.42500000000000    0.37500000000000    0.37500000000000           288
    0.47500000000000    0.37500000000000    0.37500000000000           288
   -0.47500000000000    0.37500000000000    0.37500000000000           288
   -0.42500000000000    0.37500000000000    0.37500000000000           288
   -0.37500000000000    0.37500000000000    0.37500000000000           288
    0.42500000000000    0.42500000000000    0.37500000000000           288
    0.47500000000000    0.42500000000000    0.37500000000000           576
   -0.47500000000000    0.42500000000000    0.37500000000000           576
   -0.42500000000000    0.42500000000000    0.37500000000000           576
   -0.37500000000000    0.42500000000000    0.37500000000000           576
    0.47500000000000    0.47500000000000    0.37500000000000           288
   -0.47500000000000    0.47500000000000    0.37500000000000           576
   -0.42500000000000    0.47500000000000    0.37500000000000           576
   -0.37500000000000    0.47500000000000    0.37500000000000           576
   -0.47500000000000   -0.47500000000000    0.37500000000000           288
   -0.42500000000000   -0.47500000000000    0.37500000000000           576
   -0.42500000000000   -0.42500000000000    0.37500000000000           288
    0.42500000000000    0.42500000000000    0.42500000000000            96
    0.47500000000000    0.42500000000000    0.42500000000000           288
   -0.47500000000000    0.42500000000000    0.42500000000000           288
   -0.42500000000000    0.42500000000000    0.42500000000000           288
    0.47500000000000    0.47500000000000    0.42500000000000           288
   -0.47500000000000    0.47500000000000    0.42500000000000           576
   -0.42500000000000    0.47500000000000    0.42500000000000           576
   -0.47500000000000   -0.47500000000000    0.42500000000000           288
    0.47500000000000    0.47500000000000    0.47500000000000            96
   -0.47500000000000    0.47500000000000    0.47500000000000           288
