 -10.00000  0.9241E-11  0.9196E-11  0.4443E-13  0.4069E-25
  -9.95571  0.4053E-09  0.4034E-09  0.1949E-11  0.1563E-22
  -9.91143  0.1201E-07  0.1195E-07  0.5775E-10  0.4057E-20
  -9.86714  0.2404E-06  0.2393E-06  0.1156E-08  0.7114E-18
  -9.82286  0.3252E-05  0.3237E-05  0.1565E-07  0.8426E-16
  -9.77857  0.2973E-04  0.2959E-04  0.1432E-06  0.6742E-14
  -9.73429  0.1839E-03  0.1830E-03  0.8887E-06  0.3644E-12
  -9.69000  0.7714E-03  0.7676E-03  0.3768E-05  0.1331E-10
  -9.64571  0.2213E-02  0.2202E-02  0.1114E-04  0.3282E-09
  -9.60143  0.4444E-02  0.4420E-02  0.2421E-04  0.5469E-08
  -9.55714  0.6627E-02  0.6584E-02  0.4312E-04  0.6156E-07
  -9.51286  0.8286E-02  0.8214E-02  0.7197E-04  0.4681E-06
  -9.46857  0.1015E-01  0.1003E-01  0.1207E-03  0.2405E-05
  -9.42429  0.1330E-01  0.1310E-01  0.2037E-03  0.8345E-05
  -9.38000  0.1809E-01  0.1776E-01  0.3275E-03  0.1957E-04
  -9.33571  0.2241E-01  0.2197E-01  0.4423E-03  0.3104E-04
  -9.29143  0.2196E-01  0.2151E-01  0.4517E-03  0.3369E-04
  -9.24714  0.1630E-01  0.1595E-01  0.3552E-03  0.2715E-04
  -9.20286  0.1172E-01  0.1139E-01  0.3152E-03  0.2453E-04
  -9.15857  0.1442E-01  0.1388E-01  0.4976E-03  0.3926E-04
  -9.11429  0.2339E-01  0.2245E-01  0.8704E-03  0.6976E-04
  -9.07000  0.3164E-01  0.3032E-01  0.1213E-02  0.1012E-03
  -9.02571  0.3463E-01  0.3312E-01  0.1387E-02  0.1256E-03
  -8.98143  0.3435E-01  0.3274E-01  0.1464E-02  0.1493E-03
  -8.93714  0.3353E-01  0.3184E-01  0.1528E-02  0.1769E-03
  -8.89286  0.3223E-01  0.3049E-01  0.1558E-02  0.2024E-03
  -8.84857  0.2888E-01  0.2725E-01  0.1461E-02  0.2059E-03
  -8.80429  0.2240E-01  0.2108E-01  0.1173E-02  0.1736E-03
  -8.76000  0.1647E-01  0.1543E-01  0.9256E-03  0.1426E-03
  -8.71571  0.1868E-01  0.1733E-01  0.1181E-02  0.1888E-03
  -8.67143  0.3147E-01  0.2906E-01  0.2094E-02  0.3402E-03
  -8.62714  0.4658E-01  0.4295E-01  0.3144E-02  0.5244E-03
  -8.58286  0.5317E-01  0.4893E-01  0.3638E-02  0.6454E-03
  -8.53857  0.5074E-01  0.4653E-01  0.3562E-02  0.6977E-03
  -8.49429  0.4789E-01  0.4367E-01  0.3505E-02  0.7522E-03
  -8.45000  0.4954E-01  0.4494E-01  0.3783E-02  0.8416E-03
  -8.40571  0.5020E-01  0.4540E-01  0.3933E-02  0.8778E-03
  -8.36143  0.4227E-01  0.3815E-01  0.3360E-02  0.7606E-03
  -8.31714  0.2968E-01  0.2668E-01  0.2415E-02  0.5931E-03
  -8.27286  0.2378E-01  0.2115E-01  0.2038E-02  0.5893E-03
  -8.22857  0.2737E-01  0.2414E-01  0.2464E-02  0.7609E-03
  -8.18429  0.3420E-01  0.3007E-01  0.3185E-02  0.9367E-03
  -8.14000  0.4180E-01  0.3663E-01  0.4042E-02  0.1101E-02
  -8.09571  0.5425E-01  0.4733E-01  0.5425E-02  0.1456E-02
  -8.05143  0.7122E-01  0.6188E-01  0.7251E-02  0.2050E-02
  -8.00714  0.8185E-01  0.7090E-01  0.8396E-02  0.2528E-02
  -7.96286  0.7536E-01  0.6509E-01  0.7773E-02  0.2485E-02
  -7.91857  0.5777E-01  0.4962E-01  0.6029E-02  0.2121E-02
  -7.87429  0.4775E-01  0.4052E-01  0.5120E-02  0.2104E-02
  -7.83000  0.5327E-01  0.4471E-01  0.5883E-02  0.2673E-02
  -7.78571  0.6470E-01  0.5404E-01  0.7272E-02  0.3397E-02
  -7.74143  0.6904E-01  0.5747E-01  0.7849E-02  0.3720E-02
  -7.69714  0.6081E-01  0.5047E-01  0.6990E-02  0.3343E-02
  -7.65286  0.4536E-01  0.3753E-01  0.5339E-02  0.2496E-02
  -7.60857  0.3576E-01  0.2938E-01  0.4434E-02  0.1948E-02
  -7.56429  0.3968E-01  0.3225E-01  0.5130E-02  0.2300E-02
  -7.52000  0.5315E-01  0.4281E-01  0.6915E-02  0.3409E-02
  -7.47571  0.7012E-01  0.5616E-01  0.9168E-02  0.4752E-02
  -7.43143  0.8813E-01  0.7035E-01  0.1169E-01  0.6017E-02
  -7.38714  0.1032E+00  0.8211E-01  0.1386E-01  0.7180E-02
  -7.34286  0.1109E+00  0.8766E-01  0.1494E-01  0.8258E-02
  -7.29857  0.1086E+00  0.8510E-01  0.1456E-01  0.8884E-02
  -7.25429  0.9382E-01  0.7289E-01  0.1251E-01  0.8391E-02
  -7.21000  0.7302E-01  0.5604E-01  0.9693E-02  0.7257E-02
  -7.16571  0.6418E-01  0.4829E-01  0.8532E-02  0.7325E-02
  -7.12143  0.7486E-01  0.5547E-01  0.1004E-01  0.9309E-02
  -7.07714  0.9072E-01  0.6677E-01  0.1228E-01  0.1164E-01
  -7.03286  0.9499E-01  0.6954E-01  0.1300E-01  0.1244E-01
  -6.98857  0.8661E-01  0.6307E-01  0.1214E-01  0.1140E-01
  -6.94429  0.7695E-01  0.5574E-01  0.1128E-01  0.9960E-02
  -6.90000  0.7490E-01  0.5381E-01  0.1138E-01  0.9765E-02
  -6.85571  0.7761E-01  0.5512E-01  0.1187E-01  0.1068E-01
  -6.81143  0.8231E-01  0.5789E-01  0.1258E-01  0.1188E-01
  -6.76714  0.9998E-01  0.6989E-01  0.1542E-01  0.1469E-01
  -6.72286  0.1381E+00  0.9576E-01  0.2128E-01  0.2108E-01
  -6.67857  0.1798E+00  0.1229E+00  0.2712E-01  0.2982E-01
  -6.63429  0.1983E+00  0.1329E+00  0.2886E-01  0.3663E-01
  -6.59000  0.1825E+00  0.1192E+00  0.2538E-01  0.3805E-01
  -6.54571  0.1501E+00  0.9427E-01  0.1965E-01  0.3624E-01
  -6.50143  0.1350E+00  0.8023E-01  0.1646E-01  0.3841E-01
  -6.45714  0.1495E+00  0.8423E-01  0.1718E-01  0.4814E-01
  -6.41286  0.1744E+00  0.9214E-01  0.1838E-01  0.6395E-01
  -6.36857  0.2006E+00  0.9506E-01  0.1782E-01  0.8779E-01
  -6.32429  0.2428E+00  0.1030E+00  0.1808E-01  0.1219E+00
  -6.28000  0.3082E+00  0.1255E+00  0.2228E-01  0.1605E+00
  -6.23571  0.3853E+00  0.1575E+00  0.2927E-01  0.1985E+00
  -6.19143  0.4542E+00  0.1847E+00  0.3488E-01  0.2347E+00
  -6.14714  0.4960E+00  0.1970E+00  0.3691E-01  0.2622E+00
  -6.10286  0.5082E+00  0.1982E+00  0.3735E-01  0.2726E+00
  -6.05857  0.4951E+00  0.1951E+00  0.3837E-01  0.2617E+00
  -6.01429  0.4546E+00  0.1837E+00  0.3849E-01  0.2324E+00
  -5.97000  0.4065E+00  0.1619E+00  0.3549E-01  0.2090E+00
  -5.92571  0.4014E+00  0.1432E+00  0.3104E-01  0.2271E+00
  -5.88143  0.4595E+00  0.1423E+00  0.2931E-01  0.2878E+00
  -5.83714  0.5296E+00  0.1531E+00  0.3115E-01  0.3453E+00
  -5.79286  0.5544E+00  0.1585E+00  0.3395E-01  0.3618E+00
  -5.74857  0.5457E+00  0.1578E+00  0.3716E-01  0.3505E+00
  -5.70429  0.5400E+00  0.1593E+00  0.4191E-01  0.3385E+00
  -5.66000  0.5243E+00  0.1566E+00  0.4518E-01  0.3224E+00
  -5.61571  0.4733E+00  0.1380E+00  0.4236E-01  0.2928E+00
  -5.57143  0.4257E+00  0.1156E+00  0.3622E-01  0.2738E+00
  -5.52714  0.4555E+00  0.1158E+00  0.3501E-01  0.3047E+00
  -5.48286  0.5688E+00  0.1414E+00  0.4104E-01  0.3863E+00
  -5.43857  0.6824E+00  0.1662E+00  0.4803E-01  0.4682E+00
  -5.39429  0.7221E+00  0.1691E+00  0.5040E-01  0.5026E+00
  -5.35000  0.6943E+00  0.1553E+00  0.4899E-01  0.4900E+00
  -5.30571  0.6457E+00  0.1396E+00  0.4708E-01  0.4589E+00
  -5.26143  0.6004E+00  0.1284E+00  0.4628E-01  0.4257E+00
  -5.21714  0.5578E+00  0.1210E+00  0.4709E-01  0.3896E+00
  -5.17286  0.5263E+00  0.1172E+00  0.4974E-01  0.3594E+00
  -5.12857  0.5333E+00  0.1157E+00  0.5261E-01  0.3651E+00
  -5.08429  0.5988E+00  0.1153E+00  0.5358E-01  0.4301E+00
  -5.04000  0.7129E+00  0.1191E+00  0.5421E-01  0.5397E+00
  -4.99571  0.8260E+00  0.1279E+00  0.5709E-01  0.6412E+00
  -4.95143  0.8833E+00  0.1352E+00  0.6154E-01  0.6867E+00
  -4.90714  0.8860E+00  0.1372E+00  0.6593E-01  0.6829E+00
  -4.86286  0.8700E+00  0.1344E+00  0.6880E-01  0.6668E+00
  -4.81857  0.8357E+00  0.1243E+00  0.6819E-01  0.6433E+00
  -4.77429  0.7680E+00  0.1072E+00  0.6478E-01  0.5960E+00
  -4.73000  0.6840E+00  0.9107E-01  0.6126E-01  0.5318E+00
  -4.68571  0.6215E+00  0.8137E-01  0.5820E-01  0.4820E+00
  -4.64143  0.6305E+00  0.8112E-01  0.5715E-01  0.4924E+00
  -4.59714  0.7429E+00  0.9373E-01  0.6265E-01  0.5865E+00
  -4.55286  0.8910E+00  0.1122E+00  0.7419E-01  0.7046E+00
  -4.50857  0.9375E+00  0.1179E+00  0.8242E-01  0.7371E+00
  -4.46429  0.8309E+00  0.1018E+00  0.7846E-01  0.6504E+00
  -4.42000  0.6606E+00  0.7563E-01  0.6451E-01  0.5204E+00
  -4.37571  0.5322E+00  0.5569E-01  0.5086E-01  0.4257E+00
  -4.33143  0.4546E+00  0.4499E-01  0.4274E-01  0.3669E+00
  -4.28714  0.3845E+00  0.3698E-01  0.3693E-01  0.3107E+00
  -4.24286  0.3212E+00  0.2885E-01  0.3162E-01  0.2608E+00
  -4.19857  0.3055E+00  0.2405E-01  0.3053E-01  0.2509E+00
  -4.15429  0.3489E+00  0.2476E-01  0.3507E-01  0.2892E+00
  -4.11000  0.4043E+00  0.2761E-01  0.3985E-01  0.3368E+00
  -4.06571  0.4079E+00  0.2719E-01  0.3858E-01  0.3421E+00
  -4.02143  0.3405E+00  0.2151E-01  0.3056E-01  0.2884E+00
  -3.97714  0.2474E+00  0.1364E-01  0.2111E-01  0.2126E+00
  -3.93286  0.1919E+00  0.8189E-02  0.1647E-01  0.1673E+00
  -3.88857  0.1939E+00  0.6939E-02  0.1839E-01  0.1687E+00
  -3.84429  0.2275E+00  0.8484E-02  0.2415E-01  0.1951E+00
  -3.80000  0.2694E+00  0.1052E-01  0.3053E-01  0.2286E+00
  -3.75571  0.3269E+00  0.1152E-01  0.3567E-01  0.2799E+00
  -3.71143  0.4240E+00  0.1102E-01  0.3914E-01  0.3739E+00
  -3.66714  0.5729E+00  0.9530E-02  0.4264E-01  0.5207E+00
  -3.62286  0.7611E+00  0.8076E-02  0.4907E-01  0.7039E+00
  -3.57857  0.9611E+00  0.7313E-02  0.5932E-01  0.8944E+00
  -3.53429  0.1134E+01  0.6983E-02  0.7022E-01  0.1057E+01
  -3.49000  0.1238E+01  0.6552E-02  0.7687E-01  0.1154E+01
  -3.44571  0.1262E+01  0.6078E-02  0.7806E-01  0.1178E+01
  -3.40143  0.1257E+01  0.5858E-02  0.7884E-01  0.1172E+01
  -3.35714  0.1297E+01  0.5729E-02  0.8771E-01  0.1204E+01
  -3.31286  0.1424E+01  0.5749E-02  0.1093E+00  0.1309E+01
  -3.26857  0.1582E+01  0.6563E-02  0.1359E+00  0.1440E+01
  -3.22429  0.1664E+01  0.8215E-02  0.1516E+00  0.1505E+01
  -3.18000  0.1620E+01  0.9642E-02  0.1475E+00  0.1463E+01
  -3.13571  0.1469E+01  0.9671E-02  0.1265E+00  0.1333E+01
  -3.09143  0.1261E+01  0.8154E-02  0.9824E-01  0.1155E+01
  -3.04714  0.1086E+01  0.6192E-02  0.7547E-01  0.1004E+01
  -3.00286  0.1006E+01  0.5102E-02  0.6598E-01  0.9350E+00
  -2.95857  0.9774E+00  0.5319E-02  0.6579E-01  0.9063E+00
  -2.91429  0.9406E+00  0.6655E-02  0.6748E-01  0.8664E+00
  -2.87000  0.9118E+00  0.9172E-02  0.7070E-01  0.8318E+00
  -2.82571  0.9084E+00  0.1288E-01  0.7758E-01  0.8178E+00
  -2.78143  0.8862E+00  0.1651E-01  0.8313E-01  0.7863E+00
  -2.73714  0.8256E+00  0.1832E-01  0.8102E-01  0.7261E+00
  -2.69286  0.7896E+00  0.1845E-01  0.7554E-01  0.6956E+00
  -2.64857  0.8267E+00  0.1859E-01  0.7559E-01  0.7326E+00
  -2.60429  0.8967E+00  0.1942E-01  0.8155E-01  0.7958E+00
  -2.56000  0.9256E+00  0.2001E-01  0.8598E-01  0.8198E+00
  -2.51571  0.8794E+00  0.1934E-01  0.8238E-01  0.7778E+00
  -2.47143  0.7812E+00  0.1758E-01  0.7192E-01  0.6918E+00
  -2.42714  0.6905E+00  0.1565E-01  0.6393E-01  0.6110E+00
  -2.38286  0.6628E+00  0.1423E-01  0.6695E-01  0.5817E+00
  -2.33857  0.7007E+00  0.1334E-01  0.7796E-01  0.6094E+00
  -2.29429  0.7487E+00  0.1262E-01  0.8593E-01  0.6502E+00
  -2.25000  0.7723E+00  0.1208E-01  0.8828E-01  0.6719E+00
  -2.20571  0.8220E+00  0.1295E-01  0.9704E-01  0.7119E+00
  -2.16143  0.9656E+00  0.1702E-01  0.1244E+00  0.8240E+00
  -2.11714  0.1178E+01  0.2504E-01  0.1678E+00  0.9851E+00
  -2.07286  0.1365E+01  0.3583E-01  0.2116E+00  0.1117E+01
  -2.02857  0.1465E+01  0.4617E-01  0.2400E+00  0.1179E+01
  -1.98429  0.1490E+01  0.5204E-01  0.2480E+00  0.1190E+01
  -1.94000  0.1482E+01  0.5177E-01  0.2429E+00  0.1187E+01
  -1.89571  0.1461E+01  0.4717E-01  0.2318E+00  0.1182E+01
  -1.85143  0.1415E+01  0.4109E-01  0.2131E+00  0.1161E+01
  -1.80714  0.1329E+01  0.3464E-01  0.1854E+00  0.1109E+01
  -1.76286  0.1205E+01  0.2750E-01  0.1550E+00  0.1022E+01
  -1.71857  0.1059E+01  0.2010E-01  0.1305E+00  0.9086E+00
  -1.67429  0.9283E+00  0.1410E-01  0.1160E+00  0.7981E+00
  -1.63000  0.8412E+00  0.1079E-01  0.1088E+00  0.7217E+00
  -1.58571  0.7886E+00  0.9903E-02  0.1039E+00  0.6748E+00
  -1.54143  0.7403E+00  0.1031E-01  0.9820E-01  0.6319E+00
  -1.49714  0.6997E+00  0.1185E-01  0.9422E-01  0.5937E+00
  -1.45286  0.7054E+00  0.1516E-01  0.9741E-01  0.5928E+00
  -1.40857  0.7580E+00  0.1935E-01  0.1079E+00  0.6306E+00
  -1.36429  0.7867E+00  0.2190E-01  0.1176E+00  0.6471E+00
  -1.32000  0.7314E+00  0.2145E-01  0.1162E+00  0.5937E+00
  -1.27571  0.6253E+00  0.1965E-01  0.1046E+00  0.5011E+00
  -1.23143  0.5508E+00  0.1913E-01  0.9724E-01  0.4346E+00
  -1.18714  0.5333E+00  0.2004E-01  0.1025E+00  0.4110E+00
  -1.14286  0.5288E+00  0.2073E-01  0.1110E+00  0.3972E+00
  -1.09857  0.5025E+00  0.2037E-01  0.1106E+00  0.3716E+00
  -1.05429  0.4628E+00  0.1878E-01  0.1000E+00  0.3441E+00
  -1.01000  0.4243E+00  0.1565E-01  0.8629E-01  0.3225E+00
  -0.96571  0.3817E+00  0.1153E-01  0.7618E-01  0.2941E+00
  -0.92143  0.3285E+00  0.7953E-02  0.7101E-01  0.2496E+00
  -0.87714  0.2819E+00  0.6297E-02  0.6827E-01  0.2073E+00
  -0.83286  0.2647E+00  0.6707E-02  0.6553E-01  0.1924E+00
  -0.78857  0.2661E+00  0.7908E-02  0.6088E-01  0.1973E+00
  -0.74429  0.2623E+00  0.8411E-02  0.5463E-01  0.1993E+00
  -0.70000  0.2612E+00  0.8111E-02  0.5134E-01  0.2017E+00
  -0.65571  0.2803E+00  0.7834E-02  0.5374E-01  0.2187E+00
  -0.61143  0.3032E+00  0.7487E-02  0.5707E-01  0.2386E+00
  -0.56714  0.3048E+00  0.6333E-02  0.5761E-01  0.2409E+00
  -0.52286  0.2899E+00  0.4699E-02  0.5940E-01  0.2258E+00
  -0.47857  0.2674E+00  0.3502E-02  0.6281E-01  0.2010E+00
  -0.43429  0.2317E+00  0.2937E-02  0.6102E-01  0.1677E+00
  -0.39000  0.1934E+00  0.2954E-02  0.5510E-01  0.1353E+00
  -0.34571  0.1710E+00  0.3740E-02  0.5343E-01  0.1138E+00
  -0.30143  0.1617E+00  0.5088E-02  0.5701E-01  0.9955E-01
  -0.25714  0.1637E+00  0.6357E-02  0.6175E-01  0.9555E-01
  -0.21286  0.1937E+00  0.7171E-02  0.6579E-01  0.1208E+00
  -0.16857  0.2583E+00  0.7640E-02  0.6613E-01  0.1846E+00
  -0.12429  0.3415E+00  0.7958E-02  0.5933E-01  0.2742E+00
  -0.08000  0.4270E+00  0.8148E-02  0.4838E-01  0.3705E+00
  -0.03571  0.5032E+00  0.8530E-02  0.4191E-01  0.4528E+00
   0.00857  0.5467E+00  0.9637E-02  0.4559E-01  0.4915E+00
   0.05286  0.5356E+00  0.1121E-01  0.5610E-01  0.4684E+00
   0.09714  0.4798E+00  0.1229E-01  0.6352E-01  0.4042E+00
   0.14143  0.4061E+00  0.1215E-01  0.5995E-01  0.3341E+00
   0.18571  0.3317E+00  0.1061E-01  0.4658E-01  0.2746E+00
   0.23000  0.2799E+00  0.8510E-02  0.3241E-01  0.2391E+00
   0.27429  0.2868E+00  0.7290E-02  0.2731E-01  0.2522E+00
   0.31857  0.3625E+00  0.7774E-02  0.3600E-01  0.3187E+00
   0.36286  0.4657E+00  0.9689E-02  0.5390E-01  0.4021E+00
   0.40714  0.5346E+00  0.1196E-01  0.6768E-01  0.4550E+00
   0.45143  0.5449E+00  0.1358E-01  0.6732E-01  0.4641E+00
   0.49571  0.5239E+00  0.1467E-01  0.5724E-01  0.4521E+00
   0.54000  0.5020E+00  0.1566E-01  0.4716E-01  0.4393E+00
   0.58429  0.4819E+00  0.1613E-01  0.3915E-01  0.4267E+00
   0.62857  0.4701E+00  0.1583E-01  0.3225E-01  0.4220E+00
   0.67286  0.4915E+00  0.1551E-01  0.2919E-01  0.4468E+00
   0.71714  0.5505E+00  0.1517E-01  0.3227E-01  0.5031E+00
   0.76143  0.6191E+00  0.1389E-01  0.3897E-01  0.5662E+00
   0.80571  0.6669E+00  0.1201E-01  0.4378E-01  0.6110E+00
   0.85000  0.6754E+00  0.1096E-01  0.4334E-01  0.6210E+00
   0.89429  0.6509E+00  0.1119E-01  0.3980E-01  0.5998E+00
   0.93857  0.6210E+00  0.1204E-01  0.3645E-01  0.5723E+00
   0.98286  0.6010E+00  0.1255E-01  0.3260E-01  0.5556E+00
   1.02714  0.5814E+00  0.1211E-01  0.2682E-01  0.5423E+00
   1.07143  0.5413E+00  0.1041E-01  0.2073E-01  0.5099E+00
   1.11571  0.4846E+00  0.7729E-02  0.1695E-01  0.4598E+00
   1.16000  0.4604E+00  0.5422E-02  0.1709E-01  0.4379E+00
   1.20429  0.5034E+00  0.5105E-02  0.2148E-01  0.4769E+00
   1.24857  0.5937E+00  0.7363E-02  0.2897E-01  0.5574E+00
   1.29286  0.6899E+00  0.1120E-01  0.3671E-01  0.6421E+00
   1.33714  0.7518E+00  0.1446E-01  0.4091E-01  0.6965E+00
   1.38143  0.7606E+00  0.1592E-01  0.4006E-01  0.7047E+00
   1.42571  0.7556E+00  0.1673E-01  0.3684E-01  0.7021E+00
   1.47000  0.7971E+00  0.1835E-01  0.3534E-01  0.7435E+00
   1.51429  0.8810E+00  0.1984E-01  0.3676E-01  0.8245E+00
   1.55857  0.9441E+00  0.1899E-01  0.3869E-01  0.8865E+00
   1.60286  0.9501E+00  0.1524E-01  0.3796E-01  0.8969E+00
   1.64714  0.9213E+00  0.1037E-01  0.3386E-01  0.8769E+00
   1.69143  0.8972E+00  0.6869E-02  0.2881E-01  0.8614E+00
   1.73571  0.9015E+00  0.5997E-02  0.2616E-01  0.8693E+00
   1.78000  0.9293E+00  0.7194E-02  0.2683E-01  0.8953E+00
   1.82429  0.9445E+00  0.9170E-02  0.2838E-01  0.9069E+00
   1.86857  0.9251E+00  0.1123E-01  0.2845E-01  0.8854E+00
   1.91286  0.8986E+00  0.1290E-01  0.2715E-01  0.8586E+00
   1.95714  0.8912E+00  0.1324E-01  0.2481E-01  0.8531E+00
   2.00143  0.8799E+00  0.1197E-01  0.2111E-01  0.8468E+00
   2.04571  0.8246E+00  0.9962E-02  0.1700E-01  0.7977E+00
   2.09000  0.7273E+00  0.8113E-02  0.1453E-01  0.7047E+00
   2.13429  0.6384E+00  0.6715E-02  0.1494E-01  0.6168E+00
   2.17857  0.6122E+00  0.6034E-02  0.1761E-01  0.5886E+00
   2.22286  0.6871E+00  0.6760E-02  0.2107E-01  0.6593E+00
   2.26714  0.8548E+00  0.9434E-02  0.2396E-01  0.8214E+00
   2.31143  0.1020E+01  0.1319E-01  0.2494E-01  0.9819E+00
   2.35571  0.1080E+01  0.1568E-01  0.2330E-01  0.1041E+01
   2.40000  0.1039E+01  0.1512E-01  0.1980E-01  0.1004E+01
   2.44429  0.9755E+00  0.1221E-01  0.1613E-01  0.9473E+00
   2.48857  0.9360E+00  0.9187E-02  0.1407E-01  0.9129E+00
   2.53286  0.9207E+00  0.7416E-02  0.1485E-01  0.8986E+00
   2.57714  0.9332E+00  0.6873E-02  0.1832E-01  0.9081E+00
   2.62143  0.9692E+00  0.7151E-02  0.2324E-01  0.9390E+00
   2.66571  0.1012E+01  0.7849E-02  0.2903E-01  0.9750E+00
   2.71000  0.1078E+01  0.8667E-02  0.3586E-01  0.1034E+01
   2.75429  0.1195E+01  0.9470E-02  0.4301E-01  0.1143E+01
   2.79857  0.1310E+01  0.1007E-01  0.4817E-01  0.1252E+01
   2.84286  0.1317E+01  0.1007E-01  0.4768E-01  0.1259E+01
   2.88714  0.1190E+01  0.9163E-02  0.3958E-01  0.1141E+01
   2.93143  0.1044E+01  0.7817E-02  0.2778E-01  0.1008E+01
   2.97571  0.9987E+00  0.7167E-02  0.1850E-01  0.9730E+00
   3.02000  0.1040E+01  0.7690E-02  0.1358E-01  0.1019E+01
   3.06429  0.1081E+01  0.8853E-02  0.1116E-01  0.1061E+01
   3.10857  0.1104E+01  0.1035E-01  0.9733E-02  0.1084E+01
   3.15286  0.1169E+01  0.1298E-01  0.9173E-02  0.1147E+01
   3.19714  0.1341E+01  0.1825E-01  0.1004E-01  0.1313E+01
   3.24143  0.1633E+01  0.2701E-01  0.1297E-01  0.1593E+01
   3.28571  0.2005E+01  0.3779E-01  0.1808E-01  0.1949E+01
   3.33000  0.2353E+01  0.4671E-01  0.2451E-01  0.2282E+01
   3.37429  0.2537E+01  0.5082E-01  0.3098E-01  0.2455E+01
   3.41857  0.2499E+01  0.5190E-01  0.3693E-01  0.2410E+01
   3.46286  0.2276E+01  0.5370E-01  0.4158E-01  0.2180E+01
   3.50714  0.1931E+01  0.5590E-01  0.4324E-01  0.1832E+01
   3.55143  0.1533E+01  0.5432E-01  0.4123E-01  0.1437E+01
   3.59571  0.1162E+01  0.4681E-01  0.3787E-01  0.1077E+01
   3.64000  0.8908E+00  0.3653E-01  0.3698E-01  0.8172E+00
   3.68429  0.7533E+00  0.2929E-01  0.3970E-01  0.6843E+00
   3.72857  0.7115E+00  0.2818E-01  0.4259E-01  0.6406E+00
   3.77286  0.6814E+00  0.3086E-01  0.4152E-01  0.6089E+00
   3.81714  0.6151E+00  0.3283E-01  0.3689E-01  0.5454E+00
   3.86143  0.5411E+00  0.3332E-01  0.3354E-01  0.4743E+00
   3.90571  0.5245E+00  0.3505E-01  0.3689E-01  0.4526E+00
   3.95000  0.6019E+00  0.3832E-01  0.4963E-01  0.5140E+00
   3.99429  0.7514E+00  0.4041E-01  0.6886E-01  0.6422E+00
   4.03857  0.8913E+00  0.3896E-01  0.8499E-01  0.7674E+00
   4.08286  0.9322E+00  0.3402E-01  0.8843E-01  0.8098E+00
   4.12714  0.8829E+00  0.2945E-01  0.8076E-01  0.7728E+00
   4.17143  0.8428E+00  0.2940E-01  0.7286E-01  0.7407E+00
   4.21571  0.8416E+00  0.3217E-01  0.6950E-01  0.7401E+00
   4.26000  0.7965E+00  0.3233E-01  0.6499E-01  0.6994E+00
   4.30429  0.6665E+00  0.2841E-01  0.5551E-01  0.5827E+00
   4.34857  0.5155E+00  0.2363E-01  0.4525E-01  0.4467E+00
   4.39286  0.4093E+00  0.2094E-01  0.3922E-01  0.3493E+00
   4.43714  0.3573E+00  0.2121E-01  0.3840E-01  0.2978E+00
   4.48143  0.3428E+00  0.2401E-01  0.4121E-01  0.2777E+00
   4.52571  0.3423E+00  0.2749E-01  0.4409E-01  0.2708E+00
   4.57000  0.3295E+00  0.2902E-01  0.4292E-01  0.2576E+00
   4.61429  0.2974E+00  0.2767E-01  0.3747E-01  0.2323E+00
   4.65857  0.2678E+00  0.2460E-01  0.3226E-01  0.2109E+00
   4.70286  0.2653E+00  0.2117E-01  0.3168E-01  0.2124E+00
   4.74714  0.2935E+00  0.1799E-01  0.3623E-01  0.2393E+00
   4.79143  0.3329E+00  0.1562E-01  0.4241E-01  0.2748E+00
   4.83571  0.3467E+00  0.1420E-01  0.4421E-01  0.2883E+00
   4.88000  0.3088E+00  0.1252E-01  0.3776E-01  0.2585E+00
   4.92429  0.2400E+00  0.1019E-01  0.2658E-01  0.2033E+00
   4.96857  0.1969E+00  0.9319E-02  0.1900E-01  0.1686E+00
   5.01286  0.2106E+00  0.1117E-01  0.1934E-01  0.1801E+00
   5.05714  0.2525E+00  0.1318E-01  0.2363E-01  0.2157E+00
   5.10143  0.2755E+00  0.1218E-01  0.2513E-01  0.2382E+00
   5.14571  0.2755E+00  0.8722E-02  0.2275E-01  0.2441E+00
   5.19000  0.2883E+00  0.5697E-02  0.2152E-01  0.2610E+00
   5.23429  0.3404E+00  0.4465E-02  0.2616E-01  0.3098E+00
   5.27857  0.4362E+00  0.4568E-02  0.3752E-01  0.3942E+00
   5.32286  0.5665E+00  0.5478E-02  0.5311E-01  0.5080E+00
   5.36714  0.6963E+00  0.7087E-02  0.6822E-01  0.6212E+00
   5.41143  0.7652E+00  0.9278E-02  0.7819E-01  0.6779E+00
   5.45571  0.7314E+00  0.1159E-01  0.8003E-01  0.6398E+00
   5.50000  0.6109E+00  0.1302E-01  0.7191E-01  0.5260E+00
   5.54429  0.4646E+00  0.1286E-01  0.5598E-01  0.3958E+00
   5.58857  0.3592E+00  0.1212E-01  0.4083E-01  0.3063E+00
   5.63286  0.3216E+00  0.1243E-01  0.3387E-01  0.2753E+00
   5.67714  0.3181E+00  0.1364E-01  0.3296E-01  0.2716E+00
   5.72143  0.3022E+00  0.1466E-01  0.3190E-01  0.2557E+00
   5.76571  0.2693E+00  0.1603E-01  0.3001E-01  0.2232E+00
   5.81000  0.2377E+00  0.1894E-01  0.3034E-01  0.1885E+00
   5.85429  0.2120E+00  0.2250E-01  0.3291E-01  0.1566E+00
   5.89857  0.1897E+00  0.2473E-01  0.3513E-01  0.1299E+00
   5.94286  0.1700E+00  0.2445E-01  0.3487E-01  0.1107E+00
   5.98714  0.1440E+00  0.2104E-01  0.3043E-01  0.9259E-01
   6.03143  0.1089E+00  0.1557E-01  0.2258E-01  0.7075E-01
   6.07571  0.8168E-01  0.1125E-01  0.1589E-01  0.5455E-01
   6.12000  0.7400E-01  0.9596E-02  0.1320E-01  0.5121E-01
   6.16429  0.7859E-01  0.9140E-02  0.1305E-01  0.5641E-01
   6.20857  0.9638E-01  0.8566E-02  0.1390E-01  0.7393E-01
   6.25286  0.1448E+00  0.7682E-02  0.1570E-01  0.1214E+00
   6.29714  0.2271E+00  0.6518E-02  0.1875E-01  0.2019E+00
   6.34143  0.3123E+00  0.5930E-02  0.2420E-01  0.2822E+00
   6.38571  0.3589E+00  0.6809E-02  0.3263E-01  0.3194E+00
   6.43000  0.3561E+00  0.8070E-02  0.4140E-01  0.3066E+00
   6.47429  0.3247E+00  0.7844E-02  0.4581E-01  0.2710E+00
   6.51857  0.2889E+00  0.6361E-02  0.4452E-01  0.2379E+00
   6.56286  0.2718E+00  0.5694E-02  0.4254E-01  0.2235E+00
   6.60714  0.2971E+00  0.7176E-02  0.4643E-01  0.2433E+00
   6.65143  0.3537E+00  0.9738E-02  0.5507E-01  0.2888E+00
   6.69571  0.3897E+00  0.1081E-01  0.5992E-01  0.3189E+00
   6.74000  0.3754E+00  0.9414E-02  0.5716E-01  0.3089E+00
   6.78429  0.3309E+00  0.7321E-02  0.5127E-01  0.2723E+00
   6.82857  0.2863E+00  0.6617E-02  0.4722E-01  0.2325E+00
   6.87286  0.2624E+00  0.7800E-02  0.4746E-01  0.2072E+00
   6.91714  0.2636E+00  0.9626E-02  0.5076E-01  0.2033E+00
   6.96143  0.2677E+00  0.9953E-02  0.5097E-01  0.2069E+00
   7.00571  0.2480E+00  0.7995E-02  0.4357E-01  0.1964E+00
   7.05000  0.2078E+00  0.5512E-02  0.3258E-01  0.1698E+00
   7.09429  0.1780E+00  0.4903E-02  0.2649E-01  0.1467E+00
   7.13857  0.1769E+00  0.7013E-02  0.2960E-01  0.1404E+00
   7.18286  0.1900E+00  0.1137E-01  0.3939E-01  0.1393E+00
   7.22714  0.1996E+00  0.1751E-01  0.5023E-01  0.1320E+00
   7.27143  0.2063E+00  0.2442E-01  0.5693E-01  0.1251E+00
   7.31571  0.2156E+00  0.2924E-01  0.5734E-01  0.1291E+00
   7.36000  0.2293E+00  0.2946E-01  0.5426E-01  0.1457E+00
   7.40429  0.2447E+00  0.2676E-01  0.5226E-01  0.1659E+00
   7.44857  0.2483E+00  0.2506E-01  0.5235E-01  0.1710E+00
   7.49286  0.2261E+00  0.2504E-01  0.5233E-01  0.1489E+00
   7.53714  0.1881E+00  0.2437E-01  0.5091E-01  0.1128E+00
   7.58143  0.1637E+00  0.2273E-01  0.4980E-01  0.9123E-01
   7.62571  0.1770E+00  0.2308E-01  0.5272E-01  0.1012E+00
   7.67000  0.2208E+00  0.2805E-01  0.5946E-01  0.1333E+00
   7.71429  0.2582E+00  0.3798E-01  0.6312E-01  0.1572E+00
   7.75857  0.2619E+00  0.4924E-01  0.5901E-01  0.1537E+00
   7.80286  0.2369E+00  0.5326E-01  0.5077E-01  0.1329E+00
   7.84714  0.2032E+00  0.4612E-01  0.4422E-01  0.1129E+00
   7.89143  0.1830E+00  0.3601E-01  0.4187E-01  0.1051E+00
   7.93571  0.1932E+00  0.3107E-01  0.4436E-01  0.1178E+00
   7.98000  0.2286E+00  0.2866E-01  0.5139E-01  0.1485E+00
   8.02429  0.2728E+00  0.2415E-01  0.6169E-01  0.1869E+00
   8.06857  0.3208E+00  0.2019E-01  0.7287E-01  0.2276E+00
   8.11286  0.3539E+00  0.2210E-01  0.7894E-01  0.2527E+00
   8.15714  0.3398E+00  0.3026E-01  0.7523E-01  0.2341E+00
   8.20143  0.2842E+00  0.3893E-01  0.6621E-01  0.1789E+00
   8.24571  0.2280E+00  0.4179E-01  0.5842E-01  0.1277E+00
   8.29000  0.1936E+00  0.3889E-01  0.5226E-01  0.1024E+00
   8.33429  0.1746E+00  0.3413E-01  0.4672E-01  0.9373E-01
   8.37857  0.1619E+00  0.2961E-01  0.4265E-01  0.8961E-01
   8.42286  0.1623E+00  0.2811E-01  0.4158E-01  0.9259E-01
   8.46714  0.1872E+00  0.3357E-01  0.4512E-01  0.1084E+00
   8.51143  0.2282E+00  0.4625E-01  0.5119E-01  0.1307E+00
   8.55571  0.2598E+00  0.6295E-01  0.5345E-01  0.1433E+00
   8.60000  0.2625E+00  0.7767E-01  0.4943E-01  0.1354E+00
   8.64429  0.2390E+00  0.8102E-01  0.4431E-01  0.1136E+00
   8.68857  0.2046E+00  0.6926E-01  0.4238E-01  0.9293E-01
   8.73286  0.1724E+00  0.5094E-01  0.4121E-01  0.8029E-01
   8.77714  0.1593E+00  0.4041E-01  0.3913E-01  0.7981E-01
   8.82143  0.1890E+00  0.5085E-01  0.4052E-01  0.9782E-01
   8.86571  0.2613E+00  0.8434E-01  0.4800E-01  0.1291E+00
   8.91000  0.3284E+00  0.1193E+00  0.5658E-01  0.1528E+00
   8.95429  0.3375E+00  0.1249E+00  0.6053E-01  0.1523E+00
   8.99857  0.2930E+00  0.9785E-01  0.6046E-01  0.1348E+00
   9.04286  0.2437E+00  0.6326E-01  0.6006E-01  0.1204E+00
   9.08714  0.2255E+00  0.4031E-01  0.6248E-01  0.1227E+00
   9.13143  0.2473E+00  0.3070E-01  0.7049E-01  0.1461E+00
   9.17571  0.2932E+00  0.3088E-01  0.8126E-01  0.1810E+00
   9.22000  0.3305E+00  0.3892E-01  0.8620E-01  0.2053E+00
   9.26429  0.3390E+00  0.5310E-01  0.8005E-01  0.2058E+00
   9.30857  0.3180E+00  0.6773E-01  0.6490E-01  0.1853E+00
   9.35286  0.2764E+00  0.7547E-01  0.4732E-01  0.1536E+00
   9.39714  0.2328E+00  0.7596E-01  0.3341E-01  0.1233E+00
   9.44143  0.2033E+00  0.7439E-01  0.2539E-01  0.1035E+00
   9.48571  0.1866E+00  0.7119E-01  0.2225E-01  0.9311E-01
   9.53000  0.1686E+00  0.6236E-01  0.2110E-01  0.8513E-01
   9.57429  0.1414E+00  0.4880E-01  0.1890E-01  0.7372E-01
   9.61857  0.1150E+00  0.3798E-01  0.1585E-01  0.6119E-01
   9.66286  0.1074E+00  0.3581E-01  0.1538E-01  0.5622E-01
   9.70714  0.1192E+00  0.4038E-01  0.1929E-01  0.5948E-01
   9.75143  0.1368E+00  0.4862E-01  0.2614E-01  0.6203E-01
   9.79571  0.1634E+00  0.6513E-01  0.3591E-01  0.6228E-01
   9.84000  0.2168E+00  0.9564E-01  0.5120E-01  0.6990E-01
   9.88429  0.2911E+00  0.1324E+00  0.7043E-01  0.8813E-01
   9.92857  0.3482E+00  0.1573E+00  0.8516E-01  0.1057E+00
   9.97286  0.3671E+00  0.1627E+00  0.8987E-01  0.1145E+00
  10.01714  0.3640E+00  0.1565E+00  0.8721E-01  0.1201E+00
  10.06143  0.3515E+00  0.1447E+00  0.7994E-01  0.1268E+00
  10.10571  0.3214E+00  0.1256E+00  0.6737E-01  0.1283E+00
  10.15000  0.2739E+00  0.1036E+00  0.5092E-01  0.1192E+00
  10.19429  0.2231E+00  0.8716E-01  0.3516E-01  0.1007E+00
  10.23857  0.1802E+00  0.7592E-01  0.2526E-01  0.7897E-01
  10.28286  0.1544E+00  0.6429E-01  0.2518E-01  0.6488E-01
  10.32714  0.1546E+00  0.5214E-01  0.3466E-01  0.6768E-01
  10.37143  0.1796E+00  0.4396E-01  0.4844E-01  0.8714E-01
  10.41571  0.2107E+00  0.3981E-01  0.6034E-01  0.1105E+00
  10.46000  0.2264E+00  0.3543E-01  0.6806E-01  0.1229E+00
  10.50429  0.2314E+00  0.3118E-01  0.7496E-01  0.1252E+00
  10.54857  0.2444E+00  0.3067E-01  0.8438E-01  0.1294E+00
  10.59286  0.2617E+00  0.3386E-01  0.9176E-01  0.1361E+00
  10.63714  0.2678E+00  0.4104E-01  0.8999E-01  0.1369E+00
  10.68143  0.2669E+00  0.5524E-01  0.8004E-01  0.1317E+00
  10.72571  0.2657E+00  0.7279E-01  0.6755E-01  0.1254E+00
  10.77000  0.2555E+00  0.8304E-01  0.5549E-01  0.1170E+00
  10.81429  0.2382E+00  0.8435E-01  0.4643E-01  0.1074E+00
  10.85857  0.2482E+00  0.9264E-01  0.4661E-01  0.1089E+00
  10.90286  0.3229E+00  0.1272E+00  0.6138E-01  0.1344E+00
  10.94714  0.4447E+00  0.1825E+00  0.8595E-01  0.1762E+00
  10.99143  0.5383E+00  0.2258E+00  0.1059E+00  0.2066E+00
  11.03571  0.5543E+00  0.2338E+00  0.1112E+00  0.2092E+00
  11.08000  0.5207E+00  0.2180E+00  0.1057E+00  0.1970E+00
  11.12429  0.4921E+00  0.2026E+00  0.9907E-01  0.1905E+00
  11.16857  0.4797E+00  0.1943E+00  0.9457E-01  0.1909E+00
  11.21286  0.4513E+00  0.1801E+00  0.8735E-01  0.1839E+00
  11.25714  0.3877E+00  0.1517E+00  0.7421E-01  0.1619E+00
  11.30143  0.3097E+00  0.1195E+00  0.5777E-01  0.1325E+00
  11.34571  0.2576E+00  0.1012E+00  0.4439E-01  0.1121E+00
  11.39000  0.2482E+00  0.9821E-01  0.3996E-01  0.1101E+00
  11.43429  0.2521E+00  0.9265E-01  0.4368E-01  0.1158E+00
  11.47857  0.2374E+00  0.7582E-01  0.4855E-01  0.1130E+00
  11.52286  0.2074E+00  0.5939E-01  0.4781E-01  0.1001E+00
  11.56714  0.1774E+00  0.5198E-01  0.4041E-01  0.8490E-01
  11.61143  0.1581E+00  0.4997E-01  0.3354E-01  0.7456E-01
  11.65571  0.1674E+00  0.5381E-01  0.3576E-01  0.7782E-01
  11.70000  0.2154E+00  0.7021E-01  0.4558E-01  0.9967E-01
  11.74429  0.2759E+00  0.9521E-01  0.5213E-01  0.1287E+00
  11.78857  0.3013E+00  0.1113E+00  0.4747E-01  0.1426E+00
  11.83286  0.2764E+00  0.1082E+00  0.3509E-01  0.1331E+00
  11.87714  0.2389E+00  0.9637E-01  0.2594E-01  0.1166E+00
  11.92143  0.2344E+00  0.9304E-01  0.2774E-01  0.1136E+00
  11.96571  0.2670E+00  0.1022E+00  0.3944E-01  0.1254E+00
  12.01000  0.3064E+00  0.1148E+00  0.5398E-01  0.1376E+00
  12.05429  0.3312E+00  0.1249E+00  0.6506E-01  0.1412E+00
  12.09857  0.3467E+00  0.1341E+00  0.7223E-01  0.1403E+00
  12.14286  0.3572E+00  0.1400E+00  0.7800E-01  0.1391E+00
  12.18714  0.3505E+00  0.1345E+00  0.8220E-01  0.1338E+00
  12.23143  0.3236E+00  0.1170E+00  0.8346E-01  0.1231E+00
  12.27571  0.2944E+00  0.9836E-01  0.8227E-01  0.1138E+00
  12.32000  0.2808E+00  0.8899E-01  0.8062E-01  0.1112E+00
  12.36429  0.2802E+00  0.8740E-01  0.8029E-01  0.1126E+00
  12.40857  0.2721E+00  0.8227E-01  0.8064E-01  0.1093E+00
  12.45286  0.2435E+00  0.6663E-01  0.7980E-01  0.9708E-01
  12.49714  0.2053E+00  0.4574E-01  0.7820E-01  0.8137E-01
  12.54143  0.1807E+00  0.3070E-01  0.7852E-01  0.7151E-01
  12.58571  0.1842E+00  0.2992E-01  0.8080E-01  0.7358E-01
  12.63000  0.2126E+00  0.4332E-01  0.8238E-01  0.8701E-01
  12.67429  0.2496E+00  0.6036E-01  0.8367E-01  0.1057E+00
  12.71857  0.2756E+00  0.6933E-01  0.8622E-01  0.1202E+00
  12.76286  0.2808E+00  0.6968E-01  0.8755E-01  0.1237E+00
  12.80714  0.2672E+00  0.6721E-01  0.8374E-01  0.1164E+00
  12.85143  0.2359E+00  0.6127E-01  0.7397E-01  0.1008E+00
  12.89571  0.1947E+00  0.5063E-01  0.6288E-01  0.8123E-01
  12.94000  0.1713E+00  0.4391E-01  0.5923E-01  0.6824E-01
  12.98429  0.1825E+00  0.4810E-01  0.6534E-01  0.6919E-01
  13.02857  0.2088E+00  0.5736E-01  0.7265E-01  0.7888E-01
  13.07286  0.2305E+00  0.6401E-01  0.7546E-01  0.9114E-01
  13.11714  0.2533E+00  0.6877E-01  0.7818E-01  0.1065E+00
  13.16143  0.2813E+00  0.7374E-01  0.8518E-01  0.1225E+00
  13.20571  0.3111E+00  0.7754E-01  0.9789E-01  0.1358E+00
  13.25000  0.3456E+00  0.7900E-01  0.1175E+00  0.1493E+00
  13.29429  0.3675E+00  0.7569E-01  0.1349E+00  0.1570E+00
  13.33857  0.3414E+00  0.6353E-01  0.1336E+00  0.1444E+00
  13.38286  0.2761E+00  0.4563E-01  0.1139E+00  0.1167E+00
  13.42714  0.2314E+00  0.3339E-01  0.9757E-01  0.1005E+00
  13.47143  0.2485E+00  0.3448E-01  0.1020E+00  0.1121E+00
  13.51571  0.3099E+00  0.4550E-01  0.1228E+00  0.1417E+00
  13.56000  0.3668E+00  0.5646E-01  0.1434E+00  0.1670E+00
  13.60429  0.3890E+00  0.5960E-01  0.1537E+00  0.1758E+00
  13.64857  0.3816E+00  0.5529E-01  0.1558E+00  0.1706E+00
  13.69286  0.3655E+00  0.4975E-01  0.1555E+00  0.1605E+00
  13.73714  0.3567E+00  0.4657E-01  0.1570E+00  0.1533E+00
  13.78143  0.3569E+00  0.4359E-01  0.1620E+00  0.1514E+00
  13.82571  0.3599E+00  0.3931E-01  0.1684E+00  0.1523E+00
  13.87000  0.3569E+00  0.3695E-01  0.1687E+00  0.1513E+00
  13.91429  0.3412E+00  0.3912E-01  0.1561E+00  0.1461E+00
  13.95857  0.3270E+00  0.4442E-01  0.1388E+00  0.1437E+00
  14.00286  0.3376E+00  0.5041E-01  0.1335E+00  0.1537E+00
  14.04714  0.3650E+00  0.5367E-01  0.1407E+00  0.1707E+00
  14.09143  0.3787E+00  0.5040E-01  0.1479E+00  0.1804E+00
  14.13571  0.3700E+00  0.4130E-01  0.1502E+00  0.1785E+00
  14.18000  0.3484E+00  0.3044E-01  0.1495E+00  0.1684E+00
  14.22429  0.3155E+00  0.2144E-01  0.1431E+00  0.1509E+00
  14.26857  0.2752E+00  0.1845E-01  0.1280E+00  0.1286E+00
  14.31286  0.2472E+00  0.2476E-01  0.1116E+00  0.1107E+00
  14.35714  0.2434E+00  0.3733E-01  0.1030E+00  0.1030E+00
  14.40143  0.2473E+00  0.4746E-01  0.9990E-01  0.9988E-01
  14.44571  0.2386E+00  0.4941E-01  0.9552E-01  0.9354E-01
  14.49000  0.2144E+00  0.4441E-01  0.8781E-01  0.8200E-01
  14.53429  0.1802E+00  0.3573E-01  0.7667E-01  0.6769E-01
  14.57857  0.1489E+00  0.2644E-01  0.6582E-01  0.5649E-01
  14.62286  0.1426E+00  0.2103E-01  0.6523E-01  0.5618E-01
  14.66714  0.1761E+00  0.2208E-01  0.8273E-01  0.7115E-01
  14.71143  0.2423E+00  0.2695E-01  0.1156E+00  0.9954E-01
  14.75571  0.3146E+00  0.3220E-01  0.1496E+00  0.1327E+00
  14.80000  0.3655E+00  0.3751E-01  0.1689E+00  0.1589E+00
  14.84429  0.3850E+00  0.4172E-01  0.1709E+00  0.1722E+00
  14.88857  0.3847E+00  0.4168E-01  0.1667E+00  0.1762E+00
  14.93286  0.3868E+00  0.3766E-01  0.1692E+00  0.1798E+00
  14.97714  0.4043E+00  0.3336E-01  0.1823E+00  0.1886E+00
  15.02143  0.4202E+00  0.3027E-01  0.1952E+00  0.1947E+00
  15.06571  0.4023E+00  0.2779E-01  0.1916E+00  0.1829E+00
  15.11000  0.3442E+00  0.2676E-01  0.1669E+00  0.1505E+00
  15.15429  0.2743E+00  0.2838E-01  0.1339E+00  0.1121E+00
  15.19857  0.2287E+00  0.3164E-01  0.1109E+00  0.8621E-01
  15.24286  0.2188E+00  0.3413E-01  0.1054E+00  0.7940E-01
  15.28714  0.2274E+00  0.3466E-01  0.1088E+00  0.8403E-01
  15.33143  0.2314E+00  0.3374E-01  0.1092E+00  0.8848E-01
  15.37571  0.2186E+00  0.3138E-01  0.1018E+00  0.8548E-01
  15.42000  0.1876E+00  0.2656E-01  0.8734E-01  0.7371E-01
  15.46429  0.1477E+00  0.1959E-01  0.6999E-01  0.5810E-01
  15.50857  0.1165E+00  0.1278E-01  0.5647E-01  0.4720E-01
  15.55286  0.1052E+00  0.8218E-02  0.5180E-01  0.4516E-01
  15.59714  0.1089E+00  0.6551E-02  0.5437E-01  0.4806E-01
  15.64143  0.1160E+00  0.7368E-02  0.5861E-01  0.5010E-01
  15.68571  0.1203E+00  0.9822E-02  0.6046E-01  0.5009E-01
  15.73000  0.1233E+00  0.1322E-01  0.5945E-01  0.5074E-01
  15.77429  0.1325E+00  0.1634E-01  0.5972E-01  0.5648E-01
  15.81857  0.1557E+00  0.1715E-01  0.6788E-01  0.7072E-01
  15.86286  0.1902E+00  0.1556E-01  0.8476E-01  0.8988E-01
  15.90714  0.2176E+00  0.1404E-01  0.1004E+00  0.1032E+00
  15.95143  0.2270E+00  0.1463E-01  0.1055E+00  0.1069E+00
  15.99571  0.2353E+00  0.1742E-01  0.1058E+00  0.1121E+00
  16.04000  0.2582E+00  0.2088E-01  0.1110E+00  0.1262E+00
  16.08429  0.2843E+00  0.2283E-01  0.1210E+00  0.1404E+00
  16.12857  0.3027E+00  0.2258E-01  0.1334E+00  0.1467E+00
  16.17286  0.3127E+00  0.2074E-01  0.1463E+00  0.1458E+00
  16.21714  0.2976E+00  0.1726E-01  0.1465E+00  0.1340E+00
  16.26143  0.2427E+00  0.1290E-01  0.1217E+00  0.1083E+00
  16.30571  0.1761E+00  0.1046E-01  0.8431E-01  0.8144E-01
  16.35000  0.1412E+00  0.1197E-01  0.5951E-01  0.6981E-01
  16.39429  0.1419E+00  0.1564E-01  0.5451E-01  0.7186E-01
  16.43857  0.1472E+00  0.1710E-01  0.5752E-01  0.7267E-01
  16.48286  0.1366E+00  0.1429E-01  0.5719E-01  0.6514E-01
  16.52714  0.1147E+00  0.9269E-02  0.5116E-01  0.5425E-01
  16.57143  0.9202E-01  0.5035E-02  0.4208E-01  0.4486E-01
  16.61571  0.7441E-01  0.3012E-02  0.3361E-01  0.3774E-01
  16.66000  0.6521E-01  0.3383E-02  0.2801E-01  0.3377E-01
  16.70429  0.6532E-01  0.5716E-02  0.2546E-01  0.3410E-01
  16.74857  0.7323E-01  0.9087E-02  0.2570E-01  0.3842E-01
  16.79286  0.8574E-01  0.1218E-01  0.2841E-01  0.4512E-01
  16.83714  0.9693E-01  0.1365E-01  0.3218E-01  0.5105E-01
  16.88143  0.1027E+00  0.1291E-01  0.3609E-01  0.5364E-01
  16.92571  0.1111E+00  0.1040E-01  0.4379E-01  0.5689E-01
  16.97000  0.1383E+00  0.7149E-02  0.6102E-01  0.7015E-01
  17.01429  0.1797E+00  0.4374E-02  0.8291E-01  0.9246E-01
  17.05857  0.1986E+00  0.2745E-02  0.9109E-01  0.1049E+00
  17.10286  0.1706E+00  0.2108E-02  0.7553E-01  0.9308E-01
  17.14714  0.1245E+00  0.2456E-02  0.5100E-01  0.7110E-01
  17.19143  0.1118E+00  0.4525E-02  0.4045E-01  0.6681E-01
  17.23571  0.1512E+00  0.8890E-02  0.5133E-01  0.9099E-01
  17.28000  0.2139E+00  0.1440E-01  0.7223E-01  0.1273E+00
  17.32429  0.2491E+00  0.1802E-01  0.8416E-01  0.1469E+00
  17.36857  0.2276E+00  0.1755E-01  0.7624E-01  0.1338E+00
  17.41286  0.1680E+00  0.1422E-01  0.5481E-01  0.9887E-01
  17.45714  0.1115E+00  0.1097E-01  0.3481E-01  0.6561E-01
  17.50143  0.8250E-01  0.9325E-02  0.2556E-01  0.4751E-01
  17.54571  0.8148E-01  0.8972E-02  0.2781E-01  0.4457E-01
  17.59000  0.9610E-01  0.8606E-02  0.3699E-01  0.5035E-01
  17.63429  0.1106E+00  0.7112E-02  0.4613E-01  0.5725E-01
  17.67857  0.1148E+00  0.4983E-02  0.4945E-01  0.6025E-01
  17.72286  0.1063E+00  0.3713E-02  0.4472E-01  0.5770E-01
  17.76714  0.8821E-01  0.3703E-02  0.3410E-01  0.5024E-01
  17.81143  0.6787E-01  0.3887E-02  0.2317E-01  0.4066E-01
  17.85571  0.5523E-01  0.3514E-02  0.1724E-01  0.3438E-01
  17.90000  0.6031E-01  0.3269E-02  0.1896E-01  0.3800E-01
  17.94429  0.8289E-01  0.4070E-02  0.2647E-01  0.5228E-01
  17.98857  0.1060E+00  0.5552E-02  0.3280E-01  0.6752E-01
  18.03286  0.1125E+00  0.6550E-02  0.3261E-01  0.7331E-01
  18.07714  0.1070E+00  0.6517E-02  0.2909E-01  0.7138E-01
  18.12143  0.1075E+00  0.5764E-02  0.2970E-01  0.7204E-01
  18.16571  0.1200E+00  0.4757E-02  0.3616E-01  0.7918E-01
  18.21000  0.1300E+00  0.3678E-02  0.4204E-01  0.8438E-01
  18.25429  0.1215E+00  0.2636E-02  0.4063E-01  0.7837E-01
  18.29857  0.9810E-01  0.1906E-02  0.3275E-01  0.6349E-01
  18.34286  0.7610E-01  0.1633E-02  0.2490E-01  0.4958E-01
  18.38714  0.6592E-01  0.1616E-02  0.2185E-01  0.4245E-01
  18.43143  0.6565E-01  0.1673E-02  0.2284E-01  0.4111E-01
  18.47571  0.6839E-01  0.1835E-02  0.2430E-01  0.4223E-01
  18.52000  0.6726E-01  0.1988E-02  0.2347E-01  0.4176E-01
  18.56429  0.5725E-01  0.1828E-02  0.1917E-01  0.3622E-01
  18.60857  0.4089E-01  0.1347E-02  0.1252E-01  0.2700E-01
  18.65286  0.2611E-01  0.8407E-03  0.6492E-02  0.1875E-01
  18.69714  0.1697E-01  0.4785E-03  0.2855E-02  0.1362E-01
  18.74143  0.1271E-01  0.2395E-03  0.1212E-02  0.1126E-01
  18.78571  0.1115E-01  0.9431E-04  0.5825E-03  0.1050E-01
  18.83000  0.9640E-02  0.2830E-04  0.3958E-03  0.9246E-02
  18.87429  0.7707E-02  0.1572E-04  0.6530E-03  0.7061E-02
  18.91857  0.9564E-02  0.4662E-04  0.2185E-02  0.7344E-02
  18.96286  0.2158E-01  0.1359E-03  0.6510E-02  0.1494E-01
  19.00714  0.4490E-01  0.2716E-03  0.1406E-01  0.3057E-01
  19.05143  0.6873E-01  0.3670E-03  0.2202E-01  0.4634E-01
  19.09571  0.7688E-01  0.3351E-03  0.2578E-01  0.5077E-01
  19.14000  0.6440E-01  0.2068E-03  0.2318E-01  0.4102E-01
  19.18429  0.4114E-01  0.8627E-04  0.1610E-01  0.2496E-01
  19.22857  0.2046E-01  0.2490E-04  0.8693E-02  0.1174E-01
  19.27286  0.9658E-02  0.9123E-05  0.4450E-02  0.5200E-02
  19.31714  0.9266E-02  0.2292E-04  0.4330E-02  0.4919E-02
  19.36143  0.1747E-01  0.7550E-04  0.7592E-02  0.9817E-02
  19.40571  0.3168E-01  0.1756E-03  0.1286E-01  0.1869E-01
  19.45000  0.4526E-01  0.2892E-03  0.1734E-01  0.2769E-01
  19.49429  0.4975E-01  0.3566E-03  0.1769E-01  0.3176E-01
  19.53857  0.4461E-01  0.3578E-03  0.1372E-01  0.3056E-01
  19.58286  0.3643E-01  0.3095E-03  0.8584E-02  0.2755E-01
  19.62714  0.2841E-01  0.2261E-03  0.4644E-02  0.2355E-01
  19.67143  0.1958E-01  0.1313E-03  0.2184E-02  0.1728E-01
  19.71571  0.1074E-01  0.5818E-04  0.8438E-03  0.9852E-02
  19.76000  0.4378E-02  0.1940E-04  0.2542E-03  0.4114E-02
  19.80429  0.1295E-02  0.4816E-05  0.6050E-04  0.1233E-02
  19.84857  0.4174E-03  0.8761E-06  0.2980E-04  0.3878E-03
  19.89286  0.8957E-03  0.1143E-06  0.1096E-03  0.7880E-03
  19.93714  0.3163E-02  0.1052E-07  0.3987E-03  0.2772E-02
  19.98143  0.7851E-02  0.1452E-08  0.9903E-03  0.6878E-02
  20.02571  0.1318E-01  0.1170E-07  0.1665E-02  0.1155E-01
  20.07000  0.1501E-01  0.1170E-06  0.1915E-02  0.1313E-01
  20.11429  0.1193E-01  0.7918E-06  0.1655E-02  0.1030E-01
  20.15857  0.8184E-02  0.3621E-05  0.1717E-02  0.6473E-02
  20.20286  0.9073E-02  0.1119E-04  0.3259E-02  0.5796E-02
  20.24714  0.1511E-01  0.2335E-04  0.6320E-02  0.8749E-02
  20.29143  0.2075E-01  0.3293E-04  0.8834E-02  0.1185E-01
  20.33571  0.1992E-01  0.3136E-04  0.8406E-02  0.1145E-01
  20.38000  0.1357E-01  0.2018E-04  0.5408E-02  0.8119E-02
  20.42429  0.7604E-02  0.8771E-05  0.2351E-02  0.5231E-02
  20.46857  0.4833E-02  0.2576E-05  0.6903E-03  0.4130E-02
  20.51286  0.3636E-02  0.5109E-06  0.1369E-03  0.3490E-02
  20.55714  0.2349E-02  0.6846E-07  0.1835E-04  0.2325E-02
  20.60143  0.1087E-02  0.6197E-08  0.1661E-05  0.1083E-02
  20.64571  0.3441E-03  0.3790E-09  0.1016E-06  0.3432E-03
  20.69000  0.7374E-04  0.1566E-10  0.4196E-08  0.7355E-04
  20.73429  0.1068E-04  0.4369E-12  0.1171E-09  0.1065E-04
  20.77857  0.1045E-05  0.8237E-14  0.2207E-11  0.1042E-05
  20.82286  0.6907E-07  0.1049E-15  0.2811E-13  0.6890E-07
  20.86714  0.3084E-08  0.9025E-18  0.2419E-15  0.3076E-08
  20.91143  0.9302E-10  0.5245E-20  0.1406E-17  0.9279E-10
  20.95571  0.1896E-11  0.2059E-22  0.5519E-20  0.1891E-11
  21.00000  0.2609E-13  0.5462E-25  0.1464E-22  0.2603E-13
