        103.46483062  ! VOL(au)
          5.91481160  ! ALAT(au)
.FALSE.
   -2.95740580    2.95740580    2.95740580  ! A1(au)
    2.95740580   -2.95740580    2.95740580  ! A2(au)
    2.95740580    2.95740580   -2.95740580  ! A3(au)
   48 (R-matrices in reciprocal space)
 1 0 0
 0 1 0
 0 0 1
   1
-1 0 0
 0-1 0
 0 0-1
   2
 0 0 1
 1 0 0
 0 1 0
   3
 0 0-1
-1 0 0
 0-1 0
   4
 0 1 0
 0 0 1
 1 0 0
   5
 0-1 0
 0 0-1
-1 0 0
   6
 1 1 1
 0 0-1
-1 0 0
   7
-1-1-1
 0 0 1
 1 0 0
   8
 1 1 1
 0-1 0
 0 0-1
   9
-1-1-1
 0 1 0
 0 0 1
  10
 1 1 1
-1 0 0
 0-1 0
  11
-1-1-1
 1 0 0
 0 1 0
  12
 0 1 0
 1 0 0
-1-1-1
  13
 0-1 0
-1 0 0
 1 1 1
  14
 1 0 0
 0 0 1
-1-1-1
  15
-1 0 0
 0 0-1
 1 1 1
  16
 0 0 1
 0 1 0
-1-1-1
  17
 0 0-1
 0-1 0
 1 1 1
  18
 0 0-1
 1 1 1
 0-1 0
  19
 0 0 1
-1-1-1
 0 1 0
  20
 0-1 0
 1 1 1
-1 0 0
  21
 0 1 0
-1-1-1
 1 0 0
  22
-1 0 0
 1 1 1
 0 0-1
  23
 1 0 0
-1-1-1
 0 0 1
  24
-1-1-1
 0 1 0
 1 0 0
  25
 1 1 1
 0-1 0
-1 0 0
  26
-1-1-1
 1 0 0
 0 0 1
  27
 1 1 1
-1 0 0
 0 0-1
  28
-1-1-1
 0 0 1
 0 1 0
  29
 1 1 1
 0 0-1
 0-1 0
  30
 0-1 0
 0 0-1
 1 1 1
  31
 0 1 0
 0 0 1
-1-1-1
  32
-1 0 0
 0-1 0
 1 1 1
  33
 1 0 0
 0 1 0
-1-1-1
  34
 0 0-1
-1 0 0
 1 1 1
  35
 0 0 1
 1 0 0
-1-1-1
  36
 1 0 0
-1-1-1
 0 1 0
  37
-1 0 0
 1 1 1
 0-1 0
  38
 0 0 1
-1-1-1
 1 0 0
  39
 0 0-1
 1 1 1
-1 0 0
  40
 0 1 0
-1-1-1
 0 0 1
  41
 0-1 0
 1 1 1
 0 0-1
  42
-1 0 0
 0 0-1
 0-1 0
  43
 1 0 0
 0 0 1
 0 1 0
  44
 0-1 0
-1 0 0
 0 0-1
  45
 0 1 0
 1 0 0
 0 0 1
  46
 0 0-1
 0-1 0
-1 0 0
  47
 0 0 1
 0 1 0
 1 0 0
  48
   48 (R-matrices in direct space)
 1 0 0 0.000000
 0 1 0 0.000000
 0 0 1 0.000000
   1
-1 0 0 0.000000
 0-1 0 0.000000
 0 0-1 0.000000
   2
 0 0 1 0.000000
 1 0 0 0.000000
 0 1 0 0.000000
   3
 0 0-1 0.000000
-1 0 0 0.000000
 0-1 0 0.000000
   4
 0 1 0 0.000000
 0 0 1 0.000000
 1 0 0 0.000000
   5
 0-1 0 0.000000
 0 0-1 0.000000
-1 0 0 0.000000
   6
 0 1 0 0.000000
 0 1-1 0.000000
-1 1 0 0.000000
   7
 0-1 0 0.000000
 0-1 1 0.000000
 1-1 0 0.000000
   8
 1 0 0 0.000000
 1-1 0 0.000000
 1 0-1 0.000000
   9
-1 0 0 0.000000
-1 1 0 0.000000
-1 0 1 0.000000
  10
 0 0 1 0.000000
-1 0 1 0.000000
 0-1 1 0.000000
  11
 0 0-1 0.000000
 1 0-1 0.000000
 0 1-1 0.000000
  12
 0 1-1 0.000000
 1 0-1 0.000000
 0 0-1 0.000000
  13
 0-1 1 0.000000
-1 0 1 0.000000
 0 0 1 0.000000
  14
 1-1 0 0.000000
 0-1 1 0.000000
 0-1 0 0.000000
  15
-1 1 0 0.000000
 0 1-1 0.000000
 0 1 0 0.000000
  16
-1 0 1 0.000000
-1 1 0 0.000000
-1 0 0 0.000000
  17
 1 0-1 0.000000
 1-1 0 0.000000
 1 0 0 0.000000
  18
 1 0-1 0.000000
 1 0 0 0.000000
 1-1 0 0.000000
  19
-1 0 1 0.000000
-1 0 0 0.000000
-1 1 0 0.000000
  20
 0-1 1 0.000000
 0 0 1 0.000000
-1 0 1 0.000000
  21
 0 1-1 0.000000
 0 0-1 0.000000
 1 0-1 0.000000
  22
-1 1 0 0.000000
 0 1 0 0.000000
 0 1-1 0.000000
  23
 1-1 0 0.000000
 0-1 0 0.000000
 0-1 1 0.000000
  24
 0 0-1 0.000000
 0 1-1 0.000000
 1 0-1 0.000000
  25
 0 0 1 0.000000
 0-1 1 0.000000
-1 0 1 0.000000
  26
 0-1 0 0.000000
 1-1 0 0.000000
 0-1 1 0.000000
  27
 0 1 0 0.000000
-1 1 0 0.000000
 0 1-1 0.000000
  28
-1 0 0 0.000000
-1 0 1 0.000000
-1 1 0 0.000000
  29
 1 0 0 0.000000
 1 0-1 0.000000
 1-1 0 0.000000
  30
 1-1 0 0.000000
 1 0-1 0.000000
 1 0 0 0.000000
  31
-1 1 0 0.000000
-1 0 1 0.000000
-1 0 0 0.000000
  32
-1 0 1 0.000000
 0-1 1 0.000000
 0 0 1 0.000000
  33
 1 0-1 0.000000
 0 1-1 0.000000
 0 0-1 0.000000
  34
 0 1-1 0.000000
-1 1 0 0.000000
 0 1 0 0.000000
  35
 0-1 1 0.000000
 1-1 0 0.000000
 0-1 0 0.000000
  36
 1 0-1 0.000000
 0 0-1 0.000000
 0 1-1 0.000000
  37
-1 0 1 0.000000
 0 0 1 0.000000
 0-1 1 0.000000
  38
 0-1 1 0.000000
 0-1 0 0.000000
 1-1 0 0.000000
  39
 0 1-1 0.000000
 0 1 0 0.000000
-1 1 0 0.000000
  40
-1 1 0 0.000000
-1 0 0 0.000000
-1 0 1 0.000000
  41
 1-1 0 0.000000
 1 0 0 0.000000
 1 0-1 0.000000
  42
-1 0 0 0.000000
 0 0-1 0.000000
 0-1 0 0.000000
  43
 1 0 0 0.000000
 0 0 1 0.000000
 0 1 0 0.000000
  44
 0-1 0 0.000000
-1 0 0 0.000000
 0 0-1 0.000000
  45
 0 1 0 0.000000
 1 0 0 0.000000
 0 0 1 0.000000
  46
 0 0-1 0.000000
 0-1 0 0.000000
-1 0 0 0.000000
  47
 0 0 1 0.000000
 0 1 0 0.000000
 1 0 0 0.000000
  48
